Поколение Плотность Живых_клеток
0 0,1 86
1 0,1 31
2 0,1 21
3 0,1 21
4 0,1 25
5 0,1 27
6 0,1 23
7 0,1 27
8 0,1 20
9 0,1 14
10 0,1 13
11 0,1 13
12 0,1 13
13 0,1 13
14 0,1 13
15 0,1 13
16 0,1 13
17 0,1 13
18 0,1 13
19 0,1 13
20 0,1 13
21 0,1 13
22 0,1 13
23 0,1 13
24 0,1 13
25 0,1 13
26 0,1 13
27 0,1 13
28 0,1 13
29 0,1 13
30 0,1 13
31 0,1 13
32 0,1 13
33 0,1 13
34 0,1 13
35 0,1 13
36 0,1 13
37 0,1 13
38 0,1 13
39 0,1 13
40 0,1 13
41 0,1 13
42 0,1 13
43 0,1 13
44 0,1 13
45 0,1 13
46 0,1 13
47 0,1 13
48 0,1 13
49 0,1 13
50 0,1 13
51 0,1 13
52 0,1 13
53 0,1 13
54 0,1 13
55 0,1 13
56 0,1 13
57 0,1 13
58 0,1 13
59 0,1 13
60 0,1 13
61 0,1 13
62 0,1 13
63 0,1 13
64 0,1 13
65 0,1 13
66 0,1 13
67 0,1 13
68 0,1 13
69 0,1 13
70 0,1 13
71 0,1 13
72 0,1 13
73 0,1 13
74 0,1 13
75 0,1 13
76 0,1 13
77 0,1 13
78 0,1 13
79 0,1 13
80 0,1 13
81 0,1 13
82 0,1 13
83 0,1 13
84 0,1 13
85 0,1 13
86 0,1 13
87 0,1 13
88 0,1 13
89 0,1 13
90 0,1 13
91 0,1 13
92 0,1 13
93 0,1 13
94 0,1 13
95 0,1 13
96 0,1 13
97 0,1 13
98 0,1 13
99 0,1 13
100 0,1 13
101 0,1 13
102 0,1 13
103 0,1 13
104 0,1 13
105 0,1 13
106 0,1 13
107 0,1 13
108 0,1 13
109 0,1 13
110 0,1 13
111 0,1 13
112 0,1 13
113 0,1 13
114 0,1 13
115 0,1 13
116 0,1 13
117 0,1 13
118 0,1 13
119 0,1 13
120 0,1 13
121 0,1 13
122 0,1 13
123 0,1 13
124 0,1 13
125 0,1 13
126 0,1 13
127 0,1 13
128 0,1 13
129 0,1 13
130 0,1 13
131 0,1 13
132 0,1 13
133 0,1 13
134 0,1 13
135 0,1 13
136 0,1 13
137 0,1 13
138 0,1 13
139 0,1 13
140 0,1 13
141 0,1 13
142 0,1 13
143 0,1 13
144 0,1 13
145 0,1 13
146 0,1 13
147 0,1 13
148 0,1 13
149 0,1 13
150 0,1 13
151 0,1 13
152 0,1 13
153 0,1 13
154 0,1 13
155 0,1 13
156 0,1 13
157 0,1 13
158 0,1 13
159 0,1 13
160 0,1 13
161 0,1 13
162 0,1 13
163 0,1 13
164 0,1 13
165 0,1 13
166 0,1 13
167 0,1 13
168 0,1 13
169 0,1 13
170 0,1 13
171 0,1 13
172 0,1 13
173 0,1 13
174 0,1 13
175 0,1 13
176 0,1 13
177 0,1 13
178 0,1 13
179 0,1 13
180 0,1 13
181 0,1 13
182 0,1 13
183 0,1 13
184 0,1 13
185 0,1 13
186 0,1 13
187 0,1 13
188 0,1 13
189 0,1 13
190 0,1 13
191 0,1 13
192 0,1 13
193 0,1 13
194 0,1 13
195 0,1 13
196 0,1 13
197 0,1 13
198 0,1 13
199 0,1 13
200 0,1 13
201 0,1 13
202 0,1 13
203 0,1 13
204 0,1 13
205 0,1 13
206 0,1 13
207 0,1 13
208 0,1 13
209 0,1 13
210 0,1 13
211 0,1 13
212 0,1 13
213 0,1 13
214 0,1 13
215 0,1 13
216 0,1 13
217 0,1 13
218 0,1 13
219 0,1 13
220 0,1 13
221 0,1 13
222 0,1 13
223 0,1 13
224 0,1 13
225 0,1 13
226 0,1 13
227 0,1 13
228 0,1 13
229 0,1 13
230 0,1 13
231 0,1 13
232 0,1 13
233 0,1 13
234 0,1 13
235 0,1 13
236 0,1 13
237 0,1 13
238 0,1 13
239 0,1 13
240 0,1 13
241 0,1 13
242 0,1 13
243 0,1 13
244 0,1 13
245 0,1 13
246 0,1 13
247 0,1 13
248 0,1 13
249 0,1 13
250 0,1 13
251 0,1 13
252 0,1 13
253 0,1 13
254 0,1 13
255 0,1 13
256 0,1 13
257 0,1 13
258 0,1 13
259 0,1 13
260 0,1 13
261 0,1 13
262 0,1 13
263 0,1 13
264 0,1 13
265 0,1 13
266 0,1 13
267 0,1 13
268 0,1 13
269 0,1 13
270 0,1 13
271 0,1 13
272 0,1 13
273 0,1 13
274 0,1 13
275 0,1 13
276 0,1 13
277 0,1 13
278 0,1 13
279 0,1 13
280 0,1 13
281 0,1 13
282 0,1 13
283 0,1 13
284 0,1 13
285 0,1 13
286 0,1 13
287 0,1 13
288 0,1 13
289 0,1 13
290 0,1 13
291 0,1 13
292 0,1 13
293 0,1 13
294 0,1 13
295 0,1 13
296 0,1 13
297 0,1 13
298 0,1 13
299 0,1 13
300 0,1 13
301 0,1 13
302 0,1 13
303 0,1 13
304 0,1 13
305 0,1 13
306 0,1 13
307 0,1 13
308 0,1 13
309 0,1 13
310 0,1 13
311 0,1 13
312 0,1 13
313 0,1 13
314 0,1 13
315 0,1 13
316 0,1 13
317 0,1 13
318 0,1 13
319 0,1 13
320 0,1 13
321 0,1 13
322 0,1 13
323 0,1 13
324 0,1 13
325 0,1 13
326 0,1 13
327 0,1 13
328 0,1 13
329 0,1 13
330 0,1 13
331 0,1 13
332 0,1 13
333 0,1 13
334 0,1 13
335 0,1 13
336 0,1 13
337 0,1 13
338 0,1 13
339 0,1 13
340 0,1 13
341 0,1 13
342 0,1 13
343 0,1 13
344 0,1 13
345 0,1 13
346 0,1 13
347 0,1 13
348 0,1 13
349 0,1 13
350 0,1 13
351 0,1 13
352 0,1 13
353 0,1 13
354 0,1 13
355 0,1 13
356 0,1 13
357 0,1 13
358 0,1 13
359 0,1 13
360 0,1 13
361 0,1 13
362 0,1 13
363 0,1 13
364 0,1 13
365 0,1 13
366 0,1 13
367 0,1 13
368 0,1 13
369 0,1 13
370 0,1 13
371 0,1 13
372 0,1 13
373 0,1 13
374 0,1 13
375 0,1 13
376 0,1 13
377 0,1 13
378 0,1 13
379 0,1 13
380 0,1 13
381 0,1 13
382 0,1 13
383 0,1 13
384 0,1 13
385 0,1 13
386 0,1 13
387 0,1 13
388 0,1 13
389 0,1 13
390 0,1 13
391 0,1 13
392 0,1 13
393 0,1 13
394 0,1 13
395 0,1 13
396 0,1 13
397 0,1 13
398 0,1 13
399 0,1 13
400 0,1 13
401 0,1 13
402 0,1 13
403 0,1 13
404 0,1 13
405 0,1 13
406 0,1 13
407 0,1 13
408 0,1 13
409 0,1 13
410 0,1 13
411 0,1 13
412 0,1 13
413 0,1 13
414 0,1 13
415 0,1 13
416 0,1 13
417 0,1 13
418 0,1 13
419 0,1 13
420 0,1 13
421 0,1 13
422 0,1 13
423 0,1 13
424 0,1 13
425 0,1 13
426 0,1 13
427 0,1 13
428 0,1 13
429 0,1 13
430 0,1 13
431 0,1 13
432 0,1 13
433 0,1 13
434 0,1 13
435 0,1 13
436 0,1 13
437 0,1 13
438 0,1 13
439 0,1 13
440 0,1 13
441 0,1 13
442 0,1 13
443 0,1 13
444 0,1 13
445 0,1 13
446 0,1 13
447 0,1 13
448 0,1 13
449 0,1 13
450 0,1 13
451 0,1 13
452 0,1 13
453 0,1 13
454 0,1 13
455 0,1 13
456 0,1 13
457 0,1 13
458 0,1 13
459 0,1 13
460 0,1 13
461 0,1 13
462 0,1 13
463 0,1 13
464 0,1 13
465 0,1 13
466 0,1 13
467 0,1 13
468 0,1 13
469 0,1 13
470 0,1 13
471 0,1 13
472 0,1 13
473 0,1 13
474 0,1 13
475 0,1 13
476 0,1 13
477 0,1 13
478 0,1 13
479 0,1 13
480 0,1 13
481 0,1 13
482 0,1 13
483 0,1 13
484 0,1 13
485 0,1 13
486 0,1 13
487 0,1 13
488 0,1 13
489 0,1 13
490 0,1 13
491 0,1 13
492 0,1 13
493 0,1 13
494 0,1 13
495 0,1 13
496 0,1 13
497 0,1 13
498 0,1 13
499 0,1 13
500 0,1 13
501 0,1 13
502 0,1 13
503 0,1 13
504 0,1 13
505 0,1 13
506 0,1 13
507 0,1 13
508 0,1 13
509 0,1 13
510 0,1 13
511 0,1 13
512 0,1 13
513 0,1 13
514 0,1 13
515 0,1 13
516 0,1 13
517 0,1 13
518 0,1 13
519 0,1 13
520 0,1 13
521 0,1 13
522 0,1 13
523 0,1 13
524 0,1 13
525 0,1 13
526 0,1 13
527 0,1 13
528 0,1 13
529 0,1 13
530 0,1 13
531 0,1 13
532 0,1 13
533 0,1 13
534 0,1 13
535 0,1 13
536 0,1 13
537 0,1 13
538 0,1 13
539 0,1 13
540 0,1 13
541 0,1 13
542 0,1 13
543 0,1 13
544 0,1 13
545 0,1 13
546 0,1 13
547 0,1 13
548 0,1 13
549 0,1 13
550 0,1 13
551 0,1 13
552 0,1 13
553 0,1 13
554 0,1 13
555 0,1 13
556 0,1 13
557 0,1 13
558 0,1 13
559 0,1 13
560 0,1 13
561 0,1 13
562 0,1 13
563 0,1 13
564 0,1 13
565 0,1 13
566 0,1 13
567 0,1 13
568 0,1 13
569 0,1 13
570 0,1 13
571 0,1 13
572 0,1 13
573 0,1 13
574 0,1 13
575 0,1 13
576 0,1 13
577 0,1 13
578 0,1 13
579 0,1 13
580 0,1 13
581 0,1 13
582 0,1 13
583 0,1 13
584 0,1 13
585 0,1 13
586 0,1 13
587 0,1 13
588 0,1 13
589 0,1 13
590 0,1 13
591 0,1 13
592 0,1 13
593 0,1 13
594 0,1 13
595 0,1 13
596 0,1 13
597 0,1 13
598 0,1 13
599 0,1 13
0 0,2 168
1 0,2 156
2 0,2 126
3 0,2 137
4 0,2 132
5 0,2 150
6 0,2 142
7 0,2 119
8 0,2 124
9 0,2 115
10 0,2 107
11 0,2 106
12 0,2 113
13 0,2 90
14 0,2 98
15 0,2 101
16 0,2 92
17 0,2 86
18 0,2 85
19 0,2 96
20 0,2 83
21 0,2 100
22 0,2 94
23 0,2 114
24 0,2 115
25 0,2 122
26 0,2 128
27 0,2 137
28 0,2 103
29 0,2 117
30 0,2 129
31 0,2 126
32 0,2 129
33 0,2 125
34 0,2 124
35 0,2 138
36 0,2 117
37 0,2 127
38 0,2 124
39 0,2 140
40 0,2 122
41 0,2 133
42 0,2 116
43 0,2 136
44 0,2 127
45 0,2 137
46 0,2 128
47 0,2 136
48 0,2 136
49 0,2 152
50 0,2 143
51 0,2 143
52 0,2 140
53 0,2 160
54 0,2 136
55 0,2 153
56 0,2 152
57 0,2 151
58 0,2 177
59 0,2 170
60 0,2 176
61 0,2 160
62 0,2 165
63 0,2 167
64 0,2 159
65 0,2 146
66 0,2 170
67 0,2 166
68 0,2 156
69 0,2 170
70 0,2 157
71 0,2 145
72 0,2 145
73 0,2 139
74 0,2 133
75 0,2 131
76 0,2 124
77 0,2 116
78 0,2 140
79 0,2 124
80 0,2 142
81 0,2 132
82 0,2 130
83 0,2 119
84 0,2 131
85 0,2 129
86 0,2 147
87 0,2 141
88 0,2 152
89 0,2 125
90 0,2 144
91 0,2 121
92 0,2 131
93 0,2 120
94 0,2 142
95 0,2 134
96 0,2 131
97 0,2 121
98 0,2 138
99 0,2 109
100 0,2 112
101 0,2 113
102 0,2 112
103 0,2 120
104 0,2 119
105 0,2 118
106 0,2 102
107 0,2 104
108 0,2 108
109 0,2 113
110 0,2 116
111 0,2 120
112 0,2 135
113 0,2 135
114 0,2 133
115 0,2 119
116 0,2 126
117 0,2 128
118 0,2 99
119 0,2 88
120 0,2 94
121 0,2 101
122 0,2 95
123 0,2 88
124 0,2 76
125 0,2 70
126 0,2 71
127 0,2 73
128 0,2 64
129 0,2 66
130 0,2 69
131 0,2 63
132 0,2 58
133 0,2 61
134 0,2 64
135 0,2 74
136 0,2 89
137 0,2 89
138 0,2 86
139 0,2 91
140 0,2 93
141 0,2 104
142 0,2 102
143 0,2 100
144 0,2 103
145 0,2 94
146 0,2 95
147 0,2 93
148 0,2 106
149 0,2 86
150 0,2 91
151 0,2 72
152 0,2 71
153 0,2 66
154 0,2 55
155 0,2 51
156 0,2 45
157 0,2 40
158 0,2 41
159 0,2 40
160 0,2 41
161 0,2 46
162 0,2 40
163 0,2 43
164 0,2 43
165 0,2 50
166 0,2 45
167 0,2 46
168 0,2 42
169 0,2 40
170 0,2 40
171 0,2 38
172 0,2 38
173 0,2 37
174 0,2 35
175 0,2 32
176 0,2 29
177 0,2 27
178 0,2 27
179 0,2 27
180 0,2 27
181 0,2 27
182 0,2 27
183 0,2 27
184 0,2 27
185 0,2 27
186 0,2 27
187 0,2 27
188 0,2 27
189 0,2 27
190 0,2 27
191 0,2 27
192 0,2 27
193 0,2 27
194 0,2 27
195 0,2 27
196 0,2 27
197 0,2 27
198 0,2 27
199 0,2 27
200 0,2 27
201 0,2 27
202 0,2 27
203 0,2 27
204 0,2 27
205 0,2 27
206 0,2 27
207 0,2 27
208 0,2 27
209 0,2 27
210 0,2 27
211 0,2 27
212 0,2 27
213 0,2 27
214 0,2 27
215 0,2 27
216 0,2 27
217 0,2 27
218 0,2 27
219 0,2 27
220 0,2 27
221 0,2 27
222 0,2 27
223 0,2 27
224 0,2 27
225 0,2 27
226 0,2 27
227 0,2 27
228 0,2 27
229 0,2 27
230 0,2 27
231 0,2 27
232 0,2 27
233 0,2 27
234 0,2 27
235 0,2 27
236 0,2 27
237 0,2 27
238 0,2 27
239 0,2 27
240 0,2 27
241 0,2 27
242 0,2 27
243 0,2 27
244 0,2 27
245 0,2 27
246 0,2 27
247 0,2 27
248 0,2 27
249 0,2 27
250 0,2 27
251 0,2 27
252 0,2 27
253 0,2 27
254 0,2 27
255 0,2 27
256 0,2 27
257 0,2 27
258 0,2 27
259 0,2 27
260 0,2 27
261 0,2 27
262 0,2 27
263 0,2 27
264 0,2 27
265 0,2 27
266 0,2 27
267 0,2 27
268 0,2 27
269 0,2 27
270 0,2 27
271 0,2 27
272 0,2 27
273 0,2 27
274 0,2 27
275 0,2 27
276 0,2 27
277 0,2 27
278 0,2 27
279 0,2 27
280 0,2 27
281 0,2 27
282 0,2 27
283 0,2 27
284 0,2 27
285 0,2 27
286 0,2 27
287 0,2 27
288 0,2 27
289 0,2 27
290 0,2 27
291 0,2 27
292 0,2 27
293 0,2 27
294 0,2 27
295 0,2 27
296 0,2 27
297 0,2 27
298 0,2 27
299 0,2 27
300 0,2 27
301 0,2 27
302 0,2 27
303 0,2 27
304 0,2 27
305 0,2 27
306 0,2 27
307 0,2 27
308 0,2 27
309 0,2 27
310 0,2 27
311 0,2 27
312 0,2 27
313 0,2 27
314 0,2 27
315 0,2 27
316 0,2 27
317 0,2 27
318 0,2 27
319 0,2 27
320 0,2 27
321 0,2 27
322 0,2 27
323 0,2 27
324 0,2 27
325 0,2 27
326 0,2 27
327 0,2 27
328 0,2 27
329 0,2 27
330 0,2 27
331 0,2 27
332 0,2 27
333 0,2 27
334 0,2 27
335 0,2 27
336 0,2 27
337 0,2 27
338 0,2 27
339 0,2 27
340 0,2 27
341 0,2 27
342 0,2 27
343 0,2 27
344 0,2 27
345 0,2 27
346 0,2 27
347 0,2 27
348 0,2 27
349 0,2 27
350 0,2 27
351 0,2 27
352 0,2 27
353 0,2 27
354 0,2 27
355 0,2 27
356 0,2 27
357 0,2 27
358 0,2 27
359 0,2 27
360 0,2 27
361 0,2 27
362 0,2 27
363 0,2 27
364 0,2 27
365 0,2 27
366 0,2 27
367 0,2 27
368 0,2 27
369 0,2 27
370 0,2 27
371 0,2 27
372 0,2 27
373 0,2 27
374 0,2 27
375 0,2 27
376 0,2 27
377 0,2 27
378 0,2 27
379 0,2 27
380 0,2 27
381 0,2 27
382 0,2 27
383 0,2 27
384 0,2 27
385 0,2 27
386 0,2 27
387 0,2 27
388 0,2 27
389 0,2 27
390 0,2 27
391 0,2 27
392 0,2 27
393 0,2 27
394 0,2 27
395 0,2 27
396 0,2 27
397 0,2 27
398 0,2 27
399 0,2 27
400 0,2 27
401 0,2 27
402 0,2 27
403 0,2 27
404 0,2 27
405 0,2 27
406 0,2 27
407 0,2 27
408 0,2 27
409 0,2 27
410 0,2 27
411 0,2 27
412 0,2 27
413 0,2 27
414 0,2 27
415 0,2 27
416 0,2 27
417 0,2 27
418 0,2 27
419 0,2 27
420 0,2 27
421 0,2 27
422 0,2 27
423 0,2 27
424 0,2 27
425 0,2 27
426 0,2 27
427 0,2 27
428 0,2 27
429 0,2 27
430 0,2 27
431 0,2 27
432 0,2 27
433 0,2 27
434 0,2 27
435 0,2 27
436 0,2 27
437 0,2 27
438 0,2 27
439 0,2 27
440 0,2 27
441 0,2 27
442 0,2 27
443 0,2 27
444 0,2 27
445 0,2 27
446 0,2 27
447 0,2 27
448 0,2 27
449 0,2 27
450 0,2 27
451 0,2 27
452 0,2 27
453 0,2 27
454 0,2 27
455 0,2 27
456 0,2 27
457 0,2 27
458 0,2 27
459 0,2 27
460 0,2 27
461 0,2 27
462 0,2 27
463 0,2 27
464 0,2 27
465 0,2 27
466 0,2 27
467 0,2 27
468 0,2 27
469 0,2 27
470 0,2 27
471 0,2 27
472 0,2 27
473 0,2 27
474 0,2 27
475 0,2 27
476 0,2 27
477 0,2 27
478 0,2 27
479 0,2 27
480 0,2 27
481 0,2 27
482 0,2 27
483 0,2 27
484 0,2 27
485 0,2 27
486 0,2 27
487 0,2 27
488 0,2 27
489 0,2 27
490 0,2 27
491 0,2 27
492 0,2 27
493 0,2 27
494 0,2 27
495 0,2 27
496 0,2 27
497 0,2 27
498 0,2 27
499 0,2 27
500 0,2 27
501 0,2 27
502 0,2 27
503 0,2 27
504 0,2 27
505 0,2 27
506 0,2 27
507 0,2 27
508 0,2 27
509 0,2 27
510 0,2 27
511 0,2 27
512 0,2 27
513 0,2 27
514 0,2 27
515 0,2 27
516 0,2 27
517 0,2 27
518 0,2 27
519 0,2 27
520 0,2 27
521 0,2 27
522 0,2 27
523 0,2 27
524 0,2 27
525 0,2 27
526 0,2 27
527 0,2 27
528 0,2 27
529 0,2 27
530 0,2 27
531 0,2 27
532 0,2 27
533 0,2 27
534 0,2 27
535 0,2 27
536 0,2 27
537 0,2 27
538 0,2 27
539 0,2 27
540 0,2 27
541 0,2 27
542 0,2 27
543 0,2 27
544 0,2 27
545 0,2 27
546 0,2 27
547 0,2 27
548 0,2 27
549 0,2 27
550 0,2 27
551 0,2 27
552 0,2 27
553 0,2 27
554 0,2 27
555 0,2 27
556 0,2 27
557 0,2 27
558 0,2 27
559 0,2 27
560 0,2 27
561 0,2 27
562 0,2 27
563 0,2 27
564 0,2 27
565 0,2 27
566 0,2 27
567 0,2 27
568 0,2 27
569 0,2 27
570 0,2 27
571 0,2 27
572 0,2 27
573 0,2 27
574 0,2 27
575 0,2 27
576 0,2 27
577 0,2 27
578 0,2 27
579 0,2 27
580 0,2 27
581 0,2 27
582 0,2 27
583 0,2 27
584 0,2 27
585 0,2 27
586 0,2 27
587 0,2 27
588 0,2 27
589 0,2 27
590 0,2 27
591 0,2 27
592 0,2 27
593 0,2 27
594 0,2 27
595 0,2 27
596 0,2 27
597 0,2 27
598 0,2 27
599 0,2 27
0 0,3 301
1 0,3 328
2 0,3 298
3 0,3 326
4 0,3 297
5 0,3 265
6 0,3 283
7 0,3 247
8 0,3 263
9 0,3 215
10 0,3 202
11 0,3 213
12 0,3 225
13 0,3 190
14 0,3 216
15 0,3 206
16 0,3 196
17 0,3 205
18 0,3 208
19 0,3 210
20 0,3 182
21 0,3 187
22 0,3 190
23 0,3 184
24 0,3 208
25 0,3 202
26 0,3 196
27 0,3 198
28 0,3 195
29 0,3 186
30 0,3 186
31 0,3 176
32 0,3 181
33 0,3 176
34 0,3 196
35 0,3 170
36 0,3 196
37 0,3 172
38 0,3 156
39 0,3 130
40 0,3 144
41 0,3 135
42 0,3 161
43 0,3 147
44 0,3 134
45 0,3 134
46 0,3 148
47 0,3 137
48 0,3 148
49 0,3 158
50 0,3 136
51 0,3 121
52 0,3 121
53 0,3 120
54 0,3 125
55 0,3 120
56 0,3 134
57 0,3 140
58 0,3 128
59 0,3 122
60 0,3 130
61 0,3 121
62 0,3 130
63 0,3 164
64 0,3 134
65 0,3 140
66 0,3 140
67 0,3 137
68 0,3 146
69 0,3 129
70 0,3 134
71 0,3 136
72 0,3 147
73 0,3 147
74 0,3 157
75 0,3 136
76 0,3 150
77 0,3 141
78 0,3 142
79 0,3 163
80 0,3 151
81 0,3 159
82 0,3 129
83 0,3 134
84 0,3 123
85 0,3 125
86 0,3 140
87 0,3 130
88 0,3 131
89 0,3 119
90 0,3 134
91 0,3 122
92 0,3 139
93 0,3 123
94 0,3 138
95 0,3 132
96 0,3 125
97 0,3 127
98 0,3 133
99 0,3 134
100 0,3 148
101 0,3 125
102 0,3 120
103 0,3 125
104 0,3 129
105 0,3 123
106 0,3 106
107 0,3 106
108 0,3 117
109 0,3 88
110 0,3 92
111 0,3 96
112 0,3 92
113 0,3 98
114 0,3 75
115 0,3 68
116 0,3 59
117 0,3 61
118 0,3 57
119 0,3 66
120 0,3 61
121 0,3 65
122 0,3 69
123 0,3 60
124 0,3 59
125 0,3 60
126 0,3 69
127 0,3 69
128 0,3 78
129 0,3 71
130 0,3 75
131 0,3 73
132 0,3 83
133 0,3 74
134 0,3 79
135 0,3 73
136 0,3 80
137 0,3 68
138 0,3 75
139 0,3 55
140 0,3 53
141 0,3 43
142 0,3 42
143 0,3 39
144 0,3 36
145 0,3 32
146 0,3 32
147 0,3 32
148 0,3 35
149 0,3 34
150 0,3 39
151 0,3 32
152 0,3 31
153 0,3 31
154 0,3 30
155 0,3 34
156 0,3 32
157 0,3 37
158 0,3 33
159 0,3 35
160 0,3 39
161 0,3 42
162 0,3 43
163 0,3 42
164 0,3 48
165 0,3 51
166 0,3 62
167 0,3 50
168 0,3 53
169 0,3 54
170 0,3 57
171 0,3 66
172 0,3 66
173 0,3 58
174 0,3 61
175 0,3 45
176 0,3 44
177 0,3 39
178 0,3 38
179 0,3 36
180 0,3 40
181 0,3 44
182 0,3 42
183 0,3 47
184 0,3 46
185 0,3 54
186 0,3 43
187 0,3 44
188 0,3 37
189 0,3 44
190 0,3 39
191 0,3 40
192 0,3 42
193 0,3 38
194 0,3 43
195 0,3 40
196 0,3 45
197 0,3 39
198 0,3 47
199 0,3 44
200 0,3 48
201 0,3 45
202 0,3 39
203 0,3 42
204 0,3 44
205 0,3 46
206 0,3 51
207 0,3 54
208 0,3 63
209 0,3 58
210 0,3 54
211 0,3 61
212 0,3 55
213 0,3 55
214 0,3 55
215 0,3 53
216 0,3 57
217 0,3 55
218 0,3 58
219 0,3 66
220 0,3 63
221 0,3 70
222 0,3 64
223 0,3 60
224 0,3 56
225 0,3 61
226 0,3 63
227 0,3 70
228 0,3 67
229 0,3 67
230 0,3 69
231 0,3 84
232 0,3 69
233 0,3 80
234 0,3 66
235 0,3 65
236 0,3 63
237 0,3 60
238 0,3 49
239 0,3 55
240 0,3 57
241 0,3 63
242 0,3 64
243 0,3 69
244 0,3 50
245 0,3 47
246 0,3 42
247 0,3 41
248 0,3 43
249 0,3 37
250 0,3 46
251 0,3 41
252 0,3 51
253 0,3 49
254 0,3 53
255 0,3 58
256 0,3 68
257 0,3 65
258 0,3 74
259 0,3 59
260 0,3 50
261 0,3 42
262 0,3 51
263 0,3 49
264 0,3 51
265 0,3 52
266 0,3 66
267 0,3 64
268 0,3 61
269 0,3 69
270 0,3 68
271 0,3 90
272 0,3 70
273 0,3 74
274 0,3 64
275 0,3 63
276 0,3 57
277 0,3 61
278 0,3 47
279 0,3 52
280 0,3 55
281 0,3 66
282 0,3 60
283 0,3 63
284 0,3 51
285 0,3 47
286 0,3 44
287 0,3 48
288 0,3 47
289 0,3 46
290 0,3 45
291 0,3 52
292 0,3 50
293 0,3 51
294 0,3 43
295 0,3 53
296 0,3 44
297 0,3 44
298 0,3 48
299 0,3 33
300 0,3 28
301 0,3 28
302 0,3 28
303 0,3 27
304 0,3 28
305 0,3 23
306 0,3 24
307 0,3 28
308 0,3 24
309 0,3 27
310 0,3 26
311 0,3 27
312 0,3 26
313 0,3 20
314 0,3 25
315 0,3 21
316 0,3 28
317 0,3 20
318 0,3 17
319 0,3 16
320 0,3 17
321 0,3 22
322 0,3 20
323 0,3 28
324 0,3 21
325 0,3 26
326 0,3 24
327 0,3 25
328 0,3 33
329 0,3 29
330 0,3 31
331 0,3 31
332 0,3 27
333 0,3 25
334 0,3 23
335 0,3 24
336 0,3 21
337 0,3 23
338 0,3 23
339 0,3 25
340 0,3 23
341 0,3 24
342 0,3 27
343 0,3 29
344 0,3 33
345 0,3 37
346 0,3 37
347 0,3 32
348 0,3 41
349 0,3 28
350 0,3 30
351 0,3 23
352 0,3 25
353 0,3 25
354 0,3 30
355 0,3 29
356 0,3 33
357 0,3 39
358 0,3 35
359 0,3 33
360 0,3 30
361 0,3 34
362 0,3 38
363 0,3 40
364 0,3 41
365 0,3 42
366 0,3 43
367 0,3 36
368 0,3 32
369 0,3 30
370 0,3 30
371 0,3 43
372 0,3 27
373 0,3 25
374 0,3 20
375 0,3 21
376 0,3 20
377 0,3 21
378 0,3 26
379 0,3 26
380 0,3 27
381 0,3 36
382 0,3 30
383 0,3 26
384 0,3 24
385 0,3 23
386 0,3 23
387 0,3 27
388 0,3 27
389 0,3 28
390 0,3 33
391 0,3 39
392 0,3 36
393 0,3 39
394 0,3 31
395 0,3 29
396 0,3 37
397 0,3 36
398 0,3 45
399 0,3 40
400 0,3 50
401 0,3 45
402 0,3 54
403 0,3 53
404 0,3 70
405 0,3 64
406 0,3 66
407 0,3 75
408 0,3 67
409 0,3 67
410 0,3 76
411 0,3 64
412 0,3 73
413 0,3 80
414 0,3 76
415 0,3 73
416 0,3 82
417 0,3 66
418 0,3 74
419 0,3 67
420 0,3 76
421 0,3 69
422 0,3 82
423 0,3 74
424 0,3 88
425 0,3 75
426 0,3 87
427 0,3 63
428 0,3 62
429 0,3 63
430 0,3 68
431 0,3 64
432 0,3 78
433 0,3 62
434 0,3 71
435 0,3 84
436 0,3 73
437 0,3 74
438 0,3 69
439 0,3 70
440 0,3 74
441 0,3 79
442 0,3 78
443 0,3 81
444 0,3 85
445 0,3 83
446 0,3 75
447 0,3 72
448 0,3 56
449 0,3 48
450 0,3 47
451 0,3 39
452 0,3 35
453 0,3 35
454 0,3 39
455 0,3 40
456 0,3 45
457 0,3 37
458 0,3 44
459 0,3 34
460 0,3 38
461 0,3 35
462 0,3 37
463 0,3 34
464 0,3 40
465 0,3 32
466 0,3 31
467 0,3 32
468 0,3 35
469 0,3 37
470 0,3 33
471 0,3 32
472 0,3 35
473 0,3 34
474 0,3 33
475 0,3 28
476 0,3 28
477 0,3 34
478 0,3 33
479 0,3 41
480 0,3 36
481 0,3 45
482 0,3 35
483 0,3 32
484 0,3 37
485 0,3 33
486 0,3 30
487 0,3 29
488 0,3 28
489 0,3 28
490 0,3 27
491 0,3 27
492 0,3 26
493 0,3 25
494 0,3 26
495 0,3 27
496 0,3 29
497 0,3 28
498 0,3 29
499 0,3 32
500 0,3 31
501 0,3 38
502 0,3 31
503 0,3 31
504 0,3 30
505 0,3 33
506 0,3 36
507 0,3 39
508 0,3 41
509 0,3 42
510 0,3 49
511 0,3 48
512 0,3 44
513 0,3 54
514 0,3 44
515 0,3 40
516 0,3 46
517 0,3 40
518 0,3 43
519 0,3 35
520 0,3 35
521 0,3 35
522 0,3 36
523 0,3 31
524 0,3 33
525 0,3 36
526 0,3 41
527 0,3 41
528 0,3 36
529 0,3 46
530 0,3 36
531 0,3 45
532 0,3 36
533 0,3 44
534 0,3 45
535 0,3 47
536 0,3 48
537 0,3 52
538 0,3 46
539 0,3 47
540 0,3 55
541 0,3 52
542 0,3 48
543 0,3 45
544 0,3 42
545 0,3 41
546 0,3 40
547 0,3 44
548 0,3 49
549 0,3 60
550 0,3 46
551 0,3 55
552 0,3 54
553 0,3 66
554 0,3 56
555 0,3 72
556 0,3 54
557 0,3 67
558 0,3 55
559 0,3 47
560 0,3 43
561 0,3 45
562 0,3 46
563 0,3 49
564 0,3 42
565 0,3 40
566 0,3 38
567 0,3 37
568 0,3 43
569 0,3 34
570 0,3 36
571 0,3 29
572 0,3 25
573 0,3 23
574 0,3 23
575 0,3 16
576 0,3 14
577 0,3 10
578 0,3 9
579 0,3 7
580 0,3 7
581 0,3 7
582 0,3 7
583 0,3 7
584 0,3 7
585 0,3 7
586 0,3 7
587 0,3 7
588 0,3 7
589 0,3 7
590 0,3 7
591 0,3 7
592 0,3 7
593 0,3 7
594 0,3 7
595 0,3 7
596 0,3 7
597 0,3 7
598 0,3 7
599 0,3 7
0 0,4 415
1 0,4 394
2 0,4 332
3 0,4 301
4 0,4 272
5 0,4 269
6 0,4 251
7 0,4 281
8 0,4 265
9 0,4 267
10 0,4 231
11 0,4 251
12 0,4 239
13 0,4 219
14 0,4 205
15 0,4 206
16 0,4 198
17 0,4 186
18 0,4 196
19 0,4 178
20 0,4 156
21 0,4 145
22 0,4 146
23 0,4 119
24 0,4 124
25 0,4 108
26 0,4 114
27 0,4 98
28 0,4 109
29 0,4 110
30 0,4 109
31 0,4 133
32 0,4 106
33 0,4 108
34 0,4 106
35 0,4 130
36 0,4 91
37 0,4 116
38 0,4 108
39 0,4 112
40 0,4 129
41 0,4 134
42 0,4 114
43 0,4 126
44 0,4 101
45 0,4 115
46 0,4 114
47 0,4 130
48 0,4 110
49 0,4 109
50 0,4 115
51 0,4 108
52 0,4 107
53 0,4 105
54 0,4 96
55 0,4 96
56 0,4 88
57 0,4 92
58 0,4 90
59 0,4 105
60 0,4 84
61 0,4 81
62 0,4 69
63 0,4 70
64 0,4 65
65 0,4 69
66 0,4 74
67 0,4 80
68 0,4 79
69 0,4 86
70 0,4 65
71 0,4 55
72 0,4 62
73 0,4 56
74 0,4 66
75 0,4 67
76 0,4 81
77 0,4 60
78 0,4 71
79 0,4 63
80 0,4 55
81 0,4 66
82 0,4 54
83 0,4 62
84 0,4 49
85 0,4 44
86 0,4 43
87 0,4 43
88 0,4 48
89 0,4 47
90 0,4 48
91 0,4 51
92 0,4 51
93 0,4 51
94 0,4 51
95 0,4 63
96 0,4 47
97 0,4 44
98 0,4 49
99 0,4 40
100 0,4 40
101 0,4 42
102 0,4 44
103 0,4 41
104 0,4 36
105 0,4 42
106 0,4 38
107 0,4 40
108 0,4 39
109 0,4 39
110 0,4 37
111 0,4 33
112 0,4 34
113 0,4 31
114 0,4 32
115 0,4 35
116 0,4 36
117 0,4 41
118 0,4 34
119 0,4 41
120 0,4 42
121 0,4 46
122 0,4 36
123 0,4 42
124 0,4 22
125 0,4 18
126 0,4 19
127 0,4 21
128 0,4 23
129 0,4 23
130 0,4 24
131 0,4 26
132 0,4 25
133 0,4 30
134 0,4 29
135 0,4 37
136 0,4 34
137 0,4 41
138 0,4 44
139 0,4 56
140 0,4 44
141 0,4 53
142 0,4 51
143 0,4 62
144 0,4 60
145 0,4 70
146 0,4 75
147 0,4 79
148 0,4 86
149 0,4 87
150 0,4 80
151 0,4 75
152 0,4 94
153 0,4 87
154 0,4 82
155 0,4 82
156 0,4 75
157 0,4 82
158 0,4 96
159 0,4 90
160 0,4 105
161 0,4 89
162 0,4 74
163 0,4 71
164 0,4 85
165 0,4 80
166 0,4 70
167 0,4 71
168 0,4 65
169 0,4 77
170 0,4 73
171 0,4 84
172 0,4 75
173 0,4 81
174 0,4 81
175 0,4 78
176 0,4 84
177 0,4 68
178 0,4 66
179 0,4 64
180 0,4 67
181 0,4 68
182 0,4 79
183 0,4 73
184 0,4 80
185 0,4 75
186 0,4 71
187 0,4 70
188 0,4 64
189 0,4 69
190 0,4 73
191 0,4 83
192 0,4 86
193 0,4 77
194 0,4 87
195 0,4 88
196 0,4 91
197 0,4 107
198 0,4 100
199 0,4 96
200 0,4 112
201 0,4 99
202 0,4 82
203 0,4 69
204 0,4 69
205 0,4 64
206 0,4 66
207 0,4 68
208 0,4 64
209 0,4 76
210 0,4 66
211 0,4 71
212 0,4 67
213 0,4 70
214 0,4 73
215 0,4 57
216 0,4 62
217 0,4 63
218 0,4 79
219 0,4 70
220 0,4 75
221 0,4 57
222 0,4 60
223 0,4 53
224 0,4 54
225 0,4 54
226 0,4 53
227 0,4 61
228 0,4 56
229 0,4 61
230 0,4 66
231 0,4 69
232 0,4 74
233 0,4 74
234 0,4 85
235 0,4 67
236 0,4 77
237 0,4 76
238 0,4 86
239 0,4 76
240 0,4 74
241 0,4 71
242 0,4 78
243 0,4 76
244 0,4 69
245 0,4 79
246 0,4 80
247 0,4 87
248 0,4 83
249 0,4 92
250 0,4 105
251 0,4 100
252 0,4 96
253 0,4 89
254 0,4 86
255 0,4 80
256 0,4 76
257 0,4 92
258 0,4 89
259 0,4 96
260 0,4 100
261 0,4 110
262 0,4 112
263 0,4 107
264 0,4 101
265 0,4 95
266 0,4 104
267 0,4 105
268 0,4 97
269 0,4 100
270 0,4 98
271 0,4 109
272 0,4 93
273 0,4 96
274 0,4 89
275 0,4 86
276 0,4 83
277 0,4 72
278 0,4 80
279 0,4 64
280 0,4 71
281 0,4 65
282 0,4 54
283 0,4 52
284 0,4 58
285 0,4 61
286 0,4 49
287 0,4 44
288 0,4 34
289 0,4 33
290 0,4 32
291 0,4 34
292 0,4 32
293 0,4 36
294 0,4 35
295 0,4 33
296 0,4 41
297 0,4 35
298 0,4 39
299 0,4 40
300 0,4 35
301 0,4 33
302 0,4 33
303 0,4 35
304 0,4 31
305 0,4 30
306 0,4 29
307 0,4 29
308 0,4 32
309 0,4 35
310 0,4 37
311 0,4 43
312 0,4 41
313 0,4 46
314 0,4 49
315 0,4 37
316 0,4 44
317 0,4 48
318 0,4 36
319 0,4 40
320 0,4 39
321 0,4 47
322 0,4 44
323 0,4 51
324 0,4 41
325 0,4 50
326 0,4 42
327 0,4 44
328 0,4 34
329 0,4 36
330 0,4 38
331 0,4 43
332 0,4 41
333 0,4 44
334 0,4 37
335 0,4 35
336 0,4 38
337 0,4 35
338 0,4 40
339 0,4 29
340 0,4 29
341 0,4 29
342 0,4 29
343 0,4 29
344 0,4 29
345 0,4 29
346 0,4 29
347 0,4 29
348 0,4 29
349 0,4 29
350 0,4 29
351 0,4 29
352 0,4 29
353 0,4 29
354 0,4 29
355 0,4 29
356 0,4 29
357 0,4 29
358 0,4 29
359 0,4 29
360 0,4 29
361 0,4 29
362 0,4 29
363 0,4 29
364 0,4 29
365 0,4 29
366 0,4 29
367 0,4 29
368 0,4 29
369 0,4 29
370 0,4 29
371 0,4 29
372 0,4 29
373 0,4 29
374 0,4 29
375 0,4 29
376 0,4 29
377 0,4 29
378 0,4 29
379 0,4 29
380 0,4 29
381 0,4 29
382 0,4 29
383 0,4 29
384 0,4 29
385 0,4 29
386 0,4 29
387 0,4 29
388 0,4 29
389 0,4 29
390 0,4 29
391 0,4 29
392 0,4 29
393 0,4 29
394 0,4 29
395 0,4 29
396 0,4 29
397 0,4 29
398 0,4 29
399 0,4 29
400 0,4 29
401 0,4 29
402 0,4 29
403 0,4 29
404 0,4 29
405 0,4 29
406 0,4 29
407 0,4 29
408 0,4 29
409 0,4 29
410 0,4 29
411 0,4 29
412 0,4 29
413 0,4 29
414 0,4 29
415 0,4 29
416 0,4 29
417 0,4 29
418 0,4 29
419 0,4 29
420 0,4 29
421 0,4 29
422 0,4 29
423 0,4 29
424 0,4 29
425 0,4 29
426 0,4 29
427 0,4 29
428 0,4 29
429 0,4 29
430 0,4 29
431 0,4 29
432 0,4 29
433 0,4 29
434 0,4 29
435 0,4 29
436 0,4 29
437 0,4 29
438 0,4 29
439 0,4 29
440 0,4 29
441 0,4 29
442 0,4 29
443 0,4 29
444 0,4 29
445 0,4 29
446 0,4 29
447 0,4 29
448 0,4 29
449 0,4 29
450 0,4 29
451 0,4 29
452 0,4 29
453 0,4 29
454 0,4 29
455 0,4 29
456 0,4 29
457 0,4 29
458 0,4 29
459 0,4 29
460 0,4 29
461 0,4 29
462 0,4 29
463 0,4 29
464 0,4 29
465 0,4 29
466 0,4 29
467 0,4 29
468 0,4 29
469 0,4 29
470 0,4 29
471 0,4 29
472 0,4 29
473 0,4 29
474 0,4 29
475 0,4 29
476 0,4 29
477 0,4 29
478 0,4 29
479 0,4 29
480 0,4 29
481 0,4 29
482 0,4 29
483 0,4 29
484 0,4 29
485 0,4 29
486 0,4 29
487 0,4 29
488 0,4 29
489 0,4 29
490 0,4 29
491 0,4 29
492 0,4 29
493 0,4 29
494 0,4 29
495 0,4 29
496 0,4 29
497 0,4 29
498 0,4 29
499 0,4 29
500 0,4 29
501 0,4 29
502 0,4 29
503 0,4 29
504 0,4 29
505 0,4 29
506 0,4 29
507 0,4 29
508 0,4 29
509 0,4 29
510 0,4 29
511 0,4 29
512 0,4 29
513 0,4 29
514 0,4 29
515 0,4 29
516 0,4 29
517 0,4 29
518 0,4 29
519 0,4 29
520 0,4 29
521 0,4 29
522 0,4 29
523 0,4 29
524 0,4 29
525 0,4 29
526 0,4 29
527 0,4 29
528 0,4 29
529 0,4 29
530 0,4 29
531 0,4 29
532 0,4 29
533 0,4 29
534 0,4 29
535 0,4 29
536 0,4 29
537 0,4 29
538 0,4 29
539 0,4 29
540 0,4 29
541 0,4 29
542 0,4 29
543 0,4 29
544 0,4 29
545 0,4 29
546 0,4 29
547 0,4 29
548 0,4 29
549 0,4 29
550 0,4 29
551 0,4 29
552 0,4 29
553 0,4 29
554 0,4 29
555 0,4 29
556 0,4 29
557 0,4 29
558 0,4 29
559 0,4 29
560 0,4 29
561 0,4 29
562 0,4 29
563 0,4 29
564 0,4 29
565 0,4 29
566 0,4 29
567 0,4 29
568 0,4 29
569 0,4 29
570 0,4 29
571 0,4 29
572 0,4 29
573 0,4 29
574 0,4 29
575 0,4 29
576 0,4 29
577 0,4 29
578 0,4 29
579 0,4 29
580 0,4 29
581 0,4 29
582 0,4 29
583 0,4 29
584 0,4 29
585 0,4 29
586 0,4 29
587 0,4 29
588 0,4 29
589 0,4 29
590 0,4 29
591 0,4 29
592 0,4 29
593 0,4 29
594 0,4 29
595 0,4 29
596 0,4 29
597 0,4 29
598 0,4 29
599 0,4 29
0 0,5 503
1 0,5 276
2 0,5 255
3 0,5 276
4 0,5 224
5 0,5 233
6 0,5 242
7 0,5 257
8 0,5 238
9 0,5 247
10 0,5 225
11 0,5 197
12 0,5 207
13 0,5 196
14 0,5 193
15 0,5 189
16 0,5 186
17 0,5 203
18 0,5 173
19 0,5 172
20 0,5 164
21 0,5 169
22 0,5 176
23 0,5 162
24 0,5 169
25 0,5 157
26 0,5 170
27 0,5 174
28 0,5 164
29 0,5 147
30 0,5 155
31 0,5 131
32 0,5 137
33 0,5 141
34 0,5 150
35 0,5 149
36 0,5 154
37 0,5 159
38 0,5 164
39 0,5 165
40 0,5 153
41 0,5 153
42 0,5 162
43 0,5 150
44 0,5 151
45 0,5 144
46 0,5 162
47 0,5 137
48 0,5 129
49 0,5 136
50 0,5 130
51 0,5 143
52 0,5 118
53 0,5 117
54 0,5 107
55 0,5 109
56 0,5 109
57 0,5 99
58 0,5 105
59 0,5 108
60 0,5 107
61 0,5 111
62 0,5 106
63 0,5 119
64 0,5 116
65 0,5 117
66 0,5 117
67 0,5 129
68 0,5 127
69 0,5 131
70 0,5 112
71 0,5 124
72 0,5 132
73 0,5 140
74 0,5 132
75 0,5 124
76 0,5 118
77 0,5 116
78 0,5 132
79 0,5 112
80 0,5 122
81 0,5 113
82 0,5 132
83 0,5 121
84 0,5 140
85 0,5 139
86 0,5 142
87 0,5 142
88 0,5 122
89 0,5 120
90 0,5 120
91 0,5 116
92 0,5 100
93 0,5 85
94 0,5 91
95 0,5 102
96 0,5 86
97 0,5 83
98 0,5 81
99 0,5 72
100 0,5 82
101 0,5 76
102 0,5 84
103 0,5 80
104 0,5 63
105 0,5 63
106 0,5 59
107 0,5 64
108 0,5 59
109 0,5 64
110 0,5 69
111 0,5 69
112 0,5 79
113 0,5 76
114 0,5 78
115 0,5 80
116 0,5 79
117 0,5 75
118 0,5 74
119 0,5 77
120 0,5 73
121 0,5 85
122 0,5 78
123 0,5 83
124 0,5 78
125 0,5 86
126 0,5 82
127 0,5 105
128 0,5 93
129 0,5 98
130 0,5 93
131 0,5 98
132 0,5 101
133 0,5 98
134 0,5 83
135 0,5 80
136 0,5 69
137 0,5 67
138 0,5 83
139 0,5 71
140 0,5 86
141 0,5 79
142 0,5 78
143 0,5 65
144 0,5 74
145 0,5 80
146 0,5 72
147 0,5 77
148 0,5 66
149 0,5 66
150 0,5 56
151 0,5 61
152 0,5 56
153 0,5 59
154 0,5 62
155 0,5 61
156 0,5 55
157 0,5 58
158 0,5 59
159 0,5 57
160 0,5 54
161 0,5 56
162 0,5 53
163 0,5 63
164 0,5 61
165 0,5 62
166 0,5 68
167 0,5 65
168 0,5 70
169 0,5 70
170 0,5 62
171 0,5 68
172 0,5 61
173 0,5 67
174 0,5 67
175 0,5 71
176 0,5 78
177 0,5 77
178 0,5 83
179 0,5 88
180 0,5 88
181 0,5 76
182 0,5 93
183 0,5 83
184 0,5 89
185 0,5 83
186 0,5 86
187 0,5 85
188 0,5 93
189 0,5 83
190 0,5 100
191 0,5 109
192 0,5 104
193 0,5 121
194 0,5 113
195 0,5 130
196 0,5 131
197 0,5 143
198 0,5 126
199 0,5 146
200 0,5 133
201 0,5 144
202 0,5 139
203 0,5 138
204 0,5 158
205 0,5 153
206 0,5 166
207 0,5 162
208 0,5 153
209 0,5 163
210 0,5 155
211 0,5 164
212 0,5 160
213 0,5 138
214 0,5 144
215 0,5 128
216 0,5 136
217 0,5 143
218 0,5 143
219 0,5 134
220 0,5 168
221 0,5 134
222 0,5 145
223 0,5 134
224 0,5 145
225 0,5 139
226 0,5 146
227 0,5 158
228 0,5 127
229 0,5 133
230 0,5 117
231 0,5 124
232 0,5 117
233 0,5 118
234 0,5 120
235 0,5 128
236 0,5 100
237 0,5 111
238 0,5 94
239 0,5 111
240 0,5 99
241 0,5 121
242 0,5 118
243 0,5 98
244 0,5 103
245 0,5 94
246 0,5 109
247 0,5 100
248 0,5 106
249 0,5 109
250 0,5 99
251 0,5 93
252 0,5 87
253 0,5 106
254 0,5 105
255 0,5 124
256 0,5 138
257 0,5 144
258 0,5 142
259 0,5 141
260 0,5 135
261 0,5 132
262 0,5 121
263 0,5 108
264 0,5 116
265 0,5 78
266 0,5 85
267 0,5 93
268 0,5 77
269 0,5 76
270 0,5 76
271 0,5 87
272 0,5 90
273 0,5 100
274 0,5 91
275 0,5 95
276 0,5 96
277 0,5 105
278 0,5 95
279 0,5 100
280 0,5 92
281 0,5 89
282 0,5 88
283 0,5 89
284 0,5 90
285 0,5 92
286 0,5 93
287 0,5 89
288 0,5 90
289 0,5 100
290 0,5 116
291 0,5 117
292 0,5 115
293 0,5 116
294 0,5 113
295 0,5 106
296 0,5 119
297 0,5 116
298 0,5 119
299 0,5 134
300 0,5 133
301 0,5 119
302 0,5 120
303 0,5 120
304 0,5 140
305 0,5 133
306 0,5 126
307 0,5 133
308 0,5 108
309 0,5 113
310 0,5 111
311 0,5 124
312 0,5 115
313 0,5 102
314 0,5 96
315 0,5 101
316 0,5 93
317 0,5 113
318 0,5 70
319 0,5 70
320 0,5 66
321 0,5 69
322 0,5 71
323 0,5 71
324 0,5 71
325 0,5 74
326 0,5 89
327 0,5 79
328 0,5 87
329 0,5 87
330 0,5 84
331 0,5 85
332 0,5 77
333 0,5 74
334 0,5 88
335 0,5 76
336 0,5 89
337 0,5 76
338 0,5 91
339 0,5 73
340 0,5 79
341 0,5 67
342 0,5 68
343 0,5 79
344 0,5 73
345 0,5 70
346 0,5 60
347 0,5 69
348 0,5 63
349 0,5 70
350 0,5 64
351 0,5 60
352 0,5 68
353 0,5 54
354 0,5 46
355 0,5 60
356 0,5 51
357 0,5 71
358 0,5 51
359 0,5 60
360 0,5 49
361 0,5 33
362 0,5 29
363 0,5 28
364 0,5 31
365 0,5 34
366 0,5 36
367 0,5 34
368 0,5 37
369 0,5 36
370 0,5 37
371 0,5 44
372 0,5 42
373 0,5 50
374 0,5 51
375 0,5 56
376 0,5 62
377 0,5 58
378 0,5 64
379 0,5 63
380 0,5 67
381 0,5 74
382 0,5 68
383 0,5 74
384 0,5 73
385 0,5 64
386 0,5 57
387 0,5 50
388 0,5 53
389 0,5 51
390 0,5 51
391 0,5 49
392 0,5 51
393 0,5 50
394 0,5 52
395 0,5 51
396 0,5 60
397 0,5 49
398 0,5 57
399 0,5 53
400 0,5 65
401 0,5 62
402 0,5 68
403 0,5 69
404 0,5 76
405 0,5 75
406 0,5 71
407 0,5 71
408 0,5 78
409 0,5 70
410 0,5 77
411 0,5 63
412 0,5 67
413 0,5 64
414 0,5 72
415 0,5 63
416 0,5 82
417 0,5 72
418 0,5 79
419 0,5 69
420 0,5 80
421 0,5 71
422 0,5 75
423 0,5 82
424 0,5 82
425 0,5 100
426 0,5 82
427 0,5 88
428 0,5 75
429 0,5 86
430 0,5 83
431 0,5 84
432 0,5 97
433 0,5 89
434 0,5 113
435 0,5 99
436 0,5 113
437 0,5 88
438 0,5 82
439 0,5 82
440 0,5 82
441 0,5 74
442 0,5 66
443 0,5 63
444 0,5 63
445 0,5 64
446 0,5 67
447 0,5 73
448 0,5 69
449 0,5 73
450 0,5 74
451 0,5 85
452 0,5 82
453 0,5 98
454 0,5 92
455 0,5 90
456 0,5 87
457 0,5 83
458 0,5 85
459 0,5 98
460 0,5 88
461 0,5 103
462 0,5 93
463 0,5 105
464 0,5 100
465 0,5 108
466 0,5 113
467 0,5 116
468 0,5 119
469 0,5 129
470 0,5 113
471 0,5 106
472 0,5 114
473 0,5 109
474 0,5 122
475 0,5 114
476 0,5 122
477 0,5 100
478 0,5 127
479 0,5 103
480 0,5 117
481 0,5 90
482 0,5 87
483 0,5 82
484 0,5 73
485 0,5 69
486 0,5 70
487 0,5 65
488 0,5 55
489 0,5 52
490 0,5 49
491 0,5 54
492 0,5 49
493 0,5 51
494 0,5 49
495 0,5 54
496 0,5 49
497 0,5 51
498 0,5 46
499 0,5 51
500 0,5 40
501 0,5 40
502 0,5 41
503 0,5 38
504 0,5 42
505 0,5 37
506 0,5 37
507 0,5 36
508 0,5 36
509 0,5 36
510 0,5 36
511 0,5 36
512 0,5 36
513 0,5 36
514 0,5 38
515 0,5 35
516 0,5 35
517 0,5 35
518 0,5 36
519 0,5 37
520 0,5 37
521 0,5 37
522 0,5 37
523 0,5 37
524 0,5 37
525 0,5 37
526 0,5 37
527 0,5 37
528 0,5 37
529 0,5 37
530 0,5 37
531 0,5 37
532 0,5 37
533 0,5 37
534 0,5 37
535 0,5 37
536 0,5 37
537 0,5 37
538 0,5 37
539 0,5 37
540 0,5 37
541 0,5 37
542 0,5 37
543 0,5 37
544 0,5 37
545 0,5 37
546 0,5 37
547 0,5 37
548 0,5 37
549 0,5 37
550 0,5 37
551 0,5 37
552 0,5 37
553 0,5 37
554 0,5 37
555 0,5 37
556 0,5 37
557 0,5 37
558 0,5 37
559 0,5 37
560 0,5 37
561 0,5 37
562 0,5 37
563 0,5 37
564 0,5 37
565 0,5 37
566 0,5 37
567 0,5 37
568 0,5 37
569 0,5 37
570 0,5 37
571 0,5 37
572 0,5 37
573 0,5 37
574 0,5 37
575 0,5 37
576 0,5 37
577 0,5 37
578 0,5 37
579 0,5 37
580 0,5 37
581 0,5 37
582 0,5 37
583 0,5 37
584 0,5 37
585 0,5 37
586 0,5 37
587 0,5 37
588 0,5 37
589 0,5 37
590 0,5 37
591 0,5 37
592 0,5 37
593 0,5 37
594 0,5 37
595 0,5 37
596 0,5 37
597 0,5 37
598 0,5 37
599 0,5 37
0 0,6 597
1 0,6 163
2 0,6 152
3 0,6 152
4 0,6 158
5 0,6 150
6 0,6 132
7 0,6 151
8 0,6 128
9 0,6 122
10 0,6 99
11 0,6 124
12 0,6 90
13 0,6 89
14 0,6 87
15 0,6 72
16 0,6 77
17 0,6 69
18 0,6 84
19 0,6 81
20 0,6 96
21 0,6 95
22 0,6 101
23 0,6 106
24 0,6 100
25 0,6 98
26 0,6 102
27 0,6 109
28 0,6 102
29 0,6 92
30 0,6 99
31 0,6 87
32 0,6 89
33 0,6 72
34 0,6 80
35 0,6 59
36 0,6 72
37 0,6 49
38 0,6 52
39 0,6 41
40 0,6 50
41 0,6 44
42 0,6 44
43 0,6 44
44 0,6 44
45 0,6 50
46 0,6 43
47 0,6 43
48 0,6 43
49 0,6 43
50 0,6 43
51 0,6 43
52 0,6 43
53 0,6 43
54 0,6 43
55 0,6 43
56 0,6 43
57 0,6 43
58 0,6 43
59 0,6 43
60 0,6 43
61 0,6 43
62 0,6 43
63 0,6 43
64 0,6 43
65 0,6 43
66 0,6 43
67 0,6 43
68 0,6 43
69 0,6 43
70 0,6 43
71 0,6 43
72 0,6 43
73 0,6 43
74 0,6 43
75 0,6 43
76 0,6 43
77 0,6 43
78 0,6 43
79 0,6 43
80 0,6 43
81 0,6 43
82 0,6 43
83 0,6 43
84 0,6 43
85 0,6 43
86 0,6 43
87 0,6 43
88 0,6 43
89 0,6 43
90 0,6 43
91 0,6 43
92 0,6 43
93 0,6 43
94 0,6 43
95 0,6 43
96 0,6 43
97 0,6 43
98 0,6 43
99 0,6 43
100 0,6 43
101 0,6 43
102 0,6 43
103 0,6 43
104 0,6 43
105 0,6 43
106 0,6 43
107 0,6 43
108 0,6 43
109 0,6 43
110 0,6 43
111 0,6 43
112 0,6 43
113 0,6 43
114 0,6 43
115 0,6 43
116 0,6 43
117 0,6 43
118 0,6 43
119 0,6 43
120 0,6 43
121 0,6 43
122 0,6 43
123 0,6 43
124 0,6 43
125 0,6 43
126 0,6 43
127 0,6 43
128 0,6 43
129 0,6 43
130 0,6 43
131 0,6 43
132 0,6 43
133 0,6 43
134 0,6 43
135 0,6 43
136 0,6 43
137 0,6 43
138 0,6 43
139 0,6 43
140 0,6 43
141 0,6 43
142 0,6 43
143 0,6 43
144 0,6 43
145 0,6 43
146 0,6 43
147 0,6 43
148 0,6 43
149 0,6 43
150 0,6 43
151 0,6 43
152 0,6 43
153 0,6 43
154 0,6 43
155 0,6 43
156 0,6 43
157 0,6 43
158 0,6 43
159 0,6 43
160 0,6 43
161 0,6 43
162 0,6 43
163 0,6 43
164 0,6 43
165 0,6 43
166 0,6 43
167 0,6 43
168 0,6 43
169 0,6 43
170 0,6 43
171 0,6 43
172 0,6 43
173 0,6 43
174 0,6 43
175 0,6 43
176 0,6 43
177 0,6 43
178 0,6 43
179 0,6 43
180 0,6 43
181 0,6 43
182 0,6 43
183 0,6 43
184 0,6 43
185 0,6 43
186 0,6 43
187 0,6 43
188 0,6 43
189 0,6 43
190 0,6 43
191 0,6 43
192 0,6 43
193 0,6 43
194 0,6 43
195 0,6 43
196 0,6 43
197 0,6 43
198 0,6 43
199 0,6 43
200 0,6 43
201 0,6 43
202 0,6 43
203 0,6 43
204 0,6 43
205 0,6 43
206 0,6 43
207 0,6 43
208 0,6 43
209 0,6 43
210 0,6 43
211 0,6 43
212 0,6 43
213 0,6 43
214 0,6 43
215 0,6 43
216 0,6 43
217 0,6 43
218 0,6 43
219 0,6 43
220 0,6 43
221 0,6 43
222 0,6 43
223 0,6 43
224 0,6 43
225 0,6 43
226 0,6 43
227 0,6 43
228 0,6 43
229 0,6 43
230 0,6 43
231 0,6 43
232 0,6 43
233 0,6 43
234 0,6 43
235 0,6 43
236 0,6 43
237 0,6 43
238 0,6 43
239 0,6 43
240 0,6 43
241 0,6 43
242 0,6 43
243 0,6 43
244 0,6 43
245 0,6 43
246 0,6 43
247 0,6 43
248 0,6 43
249 0,6 43
250 0,6 43
251 0,6 43
252 0,6 43
253 0,6 43
254 0,6 43
255 0,6 43
256 0,6 43
257 0,6 43
258 0,6 43
259 0,6 43
260 0,6 43
261 0,6 43
262 0,6 43
263 0,6 43
264 0,6 43
265 0,6 43
266 0,6 43
267 0,6 43
268 0,6 43
269 0,6 43
270 0,6 43
271 0,6 43
272 0,6 43
273 0,6 43
274 0,6 43
275 0,6 43
276 0,6 43
277 0,6 43
278 0,6 43
279 0,6 43
280 0,6 43
281 0,6 43
282 0,6 43
283 0,6 43
284 0,6 43
285 0,6 43
286 0,6 43
287 0,6 43
288 0,6 43
289 0,6 43
290 0,6 43
291 0,6 43
292 0,6 43
293 0,6 43
294 0,6 43
295 0,6 43
296 0,6 43
297 0,6 43
298 0,6 43
299 0,6 43
300 0,6 43
301 0,6 43
302 0,6 43
303 0,6 43
304 0,6 43
305 0,6 43
306 0,6 43
307 0,6 43
308 0,6 43
309 0,6 43
310 0,6 43
311 0,6 43
312 0,6 43
313 0,6 43
314 0,6 43
315 0,6 43
316 0,6 43
317 0,6 43
318 0,6 43
319 0,6 43
320 0,6 43
321 0,6 43
322 0,6 43
323 0,6 43
324 0,6 43
325 0,6 43
326 0,6 43
327 0,6 43
328 0,6 43
329 0,6 43
330 0,6 43
331 0,6 43
332 0,6 43
333 0,6 43
334 0,6 43
335 0,6 43
336 0,6 43
337 0,6 43
338 0,6 43
339 0,6 43
340 0,6 43
341 0,6 43
342 0,6 43
343 0,6 43
344 0,6 43
345 0,6 43
346 0,6 43
347 0,6 43
348 0,6 43
349 0,6 43
350 0,6 43
351 0,6 43
352 0,6 43
353 0,6 43
354 0,6 43
355 0,6 43
356 0,6 43
357 0,6 43
358 0,6 43
359 0,6 43
360 0,6 43
361 0,6 43
362 0,6 43
363 0,6 43
364 0,6 43
365 0,6 43
366 0,6 43
367 0,6 43
368 0,6 43
369 0,6 43
370 0,6 43
371 0,6 43
372 0,6 43
373 0,6 43
374 0,6 43
375 0,6 43
376 0,6 43
377 0,6 43
378 0,6 43
379 0,6 43
380 0,6 43
381 0,6 43
382 0,6 43
383 0,6 43
384 0,6 43
385 0,6 43
386 0,6 43
387 0,6 43
388 0,6 43
389 0,6 43
390 0,6 43
391 0,6 43
392 0,6 43
393 0,6 43
394 0,6 43
395 0,6 43
396 0,6 43
397 0,6 43
398 0,6 43
399 0,6 43
400 0,6 43
401 0,6 43
402 0,6 43
403 0,6 43
404 0,6 43
405 0,6 43
406 0,6 43
407 0,6 43
408 0,6 43
409 0,6 43
410 0,6 43
411 0,6 43
412 0,6 43
413 0,6 43
414 0,6 43
415 0,6 43
416 0,6 43
417 0,6 43
418 0,6 43
419 0,6 43
420 0,6 43
421 0,6 43
422 0,6 43
423 0,6 43
424 0,6 43
425 0,6 43
426 0,6 43
427 0,6 43
428 0,6 43
429 0,6 43
430 0,6 43
431 0,6 43
432 0,6 43
433 0,6 43
434 0,6 43
435 0,6 43
436 0,6 43
437 0,6 43
438 0,6 43
439 0,6 43
440 0,6 43
441 0,6 43
442 0,6 43
443 0,6 43
444 0,6 43
445 0,6 43
446 0,6 43
447 0,6 43
448 0,6 43
449 0,6 43
450 0,6 43
451 0,6 43
452 0,6 43
453 0,6 43
454 0,6 43
455 0,6 43
456 0,6 43
457 0,6 43
458 0,6 43
459 0,6 43
460 0,6 43
461 0,6 43
462 0,6 43
463 0,6 43
464 0,6 43
465 0,6 43
466 0,6 43
467 0,6 43
468 0,6 43
469 0,6 43
470 0,6 43
471 0,6 43
472 0,6 43
473 0,6 43
474 0,6 43
475 0,6 43
476 0,6 43
477 0,6 43
478 0,6 43
479 0,6 43
480 0,6 43
481 0,6 43
482 0,6 43
483 0,6 43
484 0,6 43
485 0,6 43
486 0,6 43
487 0,6 43
488 0,6 43
489 0,6 43
490 0,6 43
491 0,6 43
492 0,6 43
493 0,6 43
494 0,6 43
495 0,6 43
496 0,6 43
497 0,6 43
498 0,6 43
499 0,6 43
500 0,6 43
501 0,6 43
502 0,6 43
503 0,6 43
504 0,6 43
505 0,6 43
506 0,6 43
507 0,6 43
508 0,6 43
509 0,6 43
510 0,6 43
511 0,6 43
512 0,6 43
513 0,6 43
514 0,6 43
515 0,6 43
516 0,6 43
517 0,6 43
518 0,6 43
519 0,6 43
520 0,6 43
521 0,6 43
522 0,6 43
523 0,6 43
524 0,6 43
525 0,6 43
526 0,6 43
527 0,6 43
528 0,6 43
529 0,6 43
530 0,6 43
531 0,6 43
532 0,6 43
533 0,6 43
534 0,6 43
535 0,6 43
536 0,6 43
537 0,6 43
538 0,6 43
539 0,6 43
540 0,6 43
541 0,6 43
542 0,6 43
543 0,6 43
544 0,6 43
545 0,6 43
546 0,6 43
547 0,6 43
548 0,6 43
549 0,6 43
550 0,6 43
551 0,6 43
552 0,6 43
553 0,6 43
554 0,6 43
555 0,6 43
556 0,6 43
557 0,6 43
558 0,6 43
559 0,6 43
560 0,6 43
561 0,6 43
562 0,6 43
563 0,6 43
564 0,6 43
565 0,6 43
566 0,6 43
567 0,6 43
568 0,6 43
569 0,6 43
570 0,6 43
571 0,6 43
572 0,6 43
573 0,6 43
574 0,6 43
575 0,6 43
576 0,6 43
577 0,6 43
578 0,6 43
579 0,6 43
580 0,6 43
581 0,6 43
582 0,6 43
583 0,6 43
584 0,6 43
585 0,6 43
586 0,6 43
587 0,6 43
588 0,6 43
589 0,6 43
590 0,6 43
591 0,6 43
592 0,6 43
593 0,6 43
594 0,6 43
595 0,6 43
596 0,6 43
597 0,6 43
598 0,6 43
599 0,6 43
0 0,7 720
1 0,7 40
2 0,7 16
3 0,7 11
4 0,7 6
5 0,7 5
6 0,7 6
7 0,7 5
8 0,7 3
9 0,7 2
10 0,7 0
11 0,7 0
12 0,7 0
13 0,7 0
14 0,7 0
15 0,7 0
16 0,7 0
17 0,7 0
18 0,7 0
19 0,7 0
20 0,7 0
21 0,7 0
22 0,7 0
23 0,7 0
24 0,7 0
25 0,7 0
26 0,7 0
27 0,7 0
28 0,7 0
29 0,7 0
30 0,7 0
31 0,7 0
32 0,7 0
33 0,7 0
34 0,7 0
35 0,7 0
36 0,7 0
37 0,7 0
38 0,7 0
39 0,7 0
40 0,7 0
41 0,7 0
42 0,7 0
43 0,7 0
44 0,7 0
45 0,7 0
46 0,7 0
47 0,7 0
48 0,7 0
49 0,7 0
50 0,7 0
51 0,7 0
52 0,7 0
53 0,7 0
54 0,7 0
55 0,7 0
56 0,7 0
57 0,7 0
58 0,7 0
59 0,7 0
60 0,7 0
61 0,7 0
62 0,7 0
63 0,7 0
64 0,7 0
65 0,7 0
66 0,7 0
67 0,7 0
68 0,7 0
69 0,7 0
70 0,7 0
71 0,7 0
72 0,7 0
73 0,7 0
74 0,7 0
75 0,7 0
76 0,7 0
77 0,7 0
78 0,7 0
79 0,7 0
80 0,7 0
81 0,7 0
82 0,7 0
83 0,7 0
84 0,7 0
85 0,7 0
86 0,7 0
87 0,7 0
88 0,7 0
89 0,7 0
90 0,7 0
91 0,7 0
92 0,7 0
93 0,7 0
94 0,7 0
95 0,7 0
96 0,7 0
97 0,7 0
98 0,7 0
99 0,7 0
100 0,7 0
101 0,7 0
102 0,7 0
103 0,7 0
104 0,7 0
105 0,7 0
106 0,7 0
107 0,7 0
108 0,7 0
109 0,7 0
110 0,7 0
111 0,7 0
112 0,7 0
113 0,7 0
114 0,7 0
115 0,7 0
116 0,7 0
117 0,7 0
118 0,7 0
119 0,7 0
120 0,7 0
121 0,7 0
122 0,7 0
123 0,7 0
124 0,7 0
125 0,7 0
126 0,7 0
127 0,7 0
128 0,7 0
129 0,7 0
130 0,7 0
131 0,7 0
132 0,7 0
133 0,7 0
134 0,7 0
135 0,7 0
136 0,7 0
137 0,7 0
138 0,7 0
139 0,7 0
140 0,7 0
141 0,7 0
142 0,7 0
143 0,7 0
144 0,7 0
145 0,7 0
146 0,7 0
147 0,7 0
148 0,7 0
149 0,7 0
150 0,7 0
151 0,7 0
152 0,7 0
153 0,7 0
154 0,7 0
155 0,7 0
156 0,7 0
157 0,7 0
158 0,7 0
159 0,7 0
160 0,7 0
161 0,7 0
162 0,7 0
163 0,7 0
164 0,7 0
165 0,7 0
166 0,7 0
167 0,7 0
168 0,7 0
169 0,7 0
170 0,7 0
171 0,7 0
172 0,7 0
173 0,7 0
174 0,7 0
175 0,7 0
176 0,7 0
177 0,7 0
178 0,7 0
179 0,7 0
180 0,7 0
181 0,7 0
182 0,7 0
183 0,7 0
184 0,7 0
185 0,7 0
186 0,7 0
187 0,7 0
188 0,7 0
189 0,7 0
190 0,7 0
191 0,7 0
192 0,7 0
193 0,7 0
194 0,7 0
195 0,7 0
196 0,7 0
197 0,7 0
198 0,7 0
199 0,7 0
200 0,7 0
201 0,7 0
202 0,7 0
203 0,7 0
204 0,7 0
205 0,7 0
206 0,7 0
207 0,7 0
208 0,7 0
209 0,7 0
210 0,7 0
211 0,7 0
212 0,7 0
213 0,7 0
214 0,7 0
215 0,7 0
216 0,7 0
217 0,7 0
218 0,7 0
219 0,7 0
220 0,7 0
221 0,7 0
222 0,7 0
223 0,7 0
224 0,7 0
225 0,7 0
226 0,7 0
227 0,7 0
228 0,7 0
229 0,7 0
230 0,7 0
231 0,7 0
232 0,7 0
233 0,7 0
234 0,7 0
235 0,7 0
236 0,7 0
237 0,7 0
238 0,7 0
239 0,7 0
240 0,7 0
241 0,7 0
242 0,7 0
243 0,7 0
244 0,7 0
245 0,7 0
246 0,7 0
247 0,7 0
248 0,7 0
249 0,7 0
250 0,7 0
251 0,7 0
252 0,7 0
253 0,7 0
254 0,7 0
255 0,7 0
256 0,7 0
257 0,7 0
258 0,7 0
259 0,7 0
260 0,7 0
261 0,7 0
262 0,7 0
263 0,7 0
264 0,7 0
265 0,7 0
266 0,7 0
267 0,7 0
268 0,7 0
269 0,7 0
270 0,7 0
271 0,7 0
272 0,7 0
273 0,7 0
274 0,7 0
275 0,7 0
276 0,7 0
277 0,7 0
278 0,7 0
279 0,7 0
280 0,7 0
281 0,7 0
282 0,7 0
283 0,7 0
284 0,7 0
285 0,7 0
286 0,7 0
287 0,7 0
288 0,7 0
289 0,7 0
290 0,7 0
291 0,7 0
292 0,7 0
293 0,7 0
294 0,7 0
295 0,7 0
296 0,7 0
297 0,7 0
298 0,7 0
299 0,7 0
300 0,7 0
301 0,7 0
302 0,7 0
303 0,7 0
304 0,7 0
305 0,7 0
306 0,7 0
307 0,7 0
308 0,7 0
309 0,7 0
310 0,7 0
311 0,7 0
312 0,7 0
313 0,7 0
314 0,7 0
315 0,7 0
316 0,7 0
317 0,7 0
318 0,7 0
319 0,7 0
320 0,7 0
321 0,7 0
322 0,7 0
323 0,7 0
324 0,7 0
325 0,7 0
326 0,7 0
327 0,7 0
328 0,7 0
329 0,7 0
330 0,7 0
331 0,7 0
332 0,7 0
333 0,7 0
334 0,7 0
335 0,7 0
336 0,7 0
337 0,7 0
338 0,7 0
339 0,7 0
340 0,7 0
341 0,7 0
342 0,7 0
343 0,7 0
344 0,7 0
345 0,7 0
346 0,7 0
347 0,7 0
348 0,7 0
349 0,7 0
350 0,7 0
351 0,7 0
352 0,7 0
353 0,7 0
354 0,7 0
355 0,7 0
356 0,7 0
357 0,7 0
358 0,7 0
359 0,7 0
360 0,7 0
361 0,7 0
362 0,7 0
363 0,7 0
364 0,7 0
365 0,7 0
366 0,7 0
367 0,7 0
368 0,7 0
369 0,7 0
370 0,7 0
371 0,7 0
372 0,7 0
373 0,7 0
374 0,7 0
375 0,7 0
376 0,7 0
377 0,7 0
378 0,7 0
379 0,7 0
380 0,7 0
381 0,7 0
382 0,7 0
383 0,7 0
384 0,7 0
385 0,7 0
386 0,7 0
387 0,7 0
388 0,7 0
389 0,7 0
390 0,7 0
391 0,7 0
392 0,7 0
393 0,7 0
394 0,7 0
395 0,7 0
396 0,7 0
397 0,7 0
398 0,7 0
399 0,7 0
400 0,7 0
401 0,7 0
402 0,7 0
403 0,7 0
404 0,7 0
405 0,7 0
406 0,7 0
407 0,7 0
408 0,7 0
409 0,7 0
410 0,7 0
411 0,7 0
412 0,7 0
413 0,7 0
414 0,7 0
415 0,7 0
416 0,7 0
417 0,7 0
418 0,7 0
419 0,7 0
420 0,7 0
421 0,7 0
422 0,7 0
423 0,7 0
424 0,7 0
425 0,7 0
426 0,7 0
427 0,7 0
428 0,7 0
429 0,7 0
430 0,7 0
431 0,7 0
432 0,7 0
433 0,7 0
434 0,7 0
435 0,7 0
436 0,7 0
437 0,7 0
438 0,7 0
439 0,7 0
440 0,7 0
441 0,7 0
442 0,7 0
443 0,7 0
444 0,7 0
445 0,7 0
446 0,7 0
447 0,7 0
448 0,7 0
449 0,7 0
450 0,7 0
451 0,7 0
452 0,7 0
453 0,7 0
454 0,7 0
455 0,7 0
456 0,7 0
457 0,7 0
458 0,7 0
459 0,7 0
460 0,7 0
461 0,7 0
462 0,7 0
463 0,7 0
464 0,7 0
465 0,7 0
466 0,7 0
467 0,7 0
468 0,7 0
469 0,7 0
470 0,7 0
471 0,7 0
472 0,7 0
473 0,7 0
474 0,7 0
475 0,7 0
476 0,7 0
477 0,7 0
478 0,7 0
479 0,7 0
480 0,7 0
481 0,7 0
482 0,7 0
483 0,7 0
484 0,7 0
485 0,7 0
486 0,7 0
487 0,7 0
488 0,7 0
489 0,7 0
490 0,7 0
491 0,7 0
492 0,7 0
493 0,7 0
494 0,7 0
495 0,7 0
496 0,7 0
497 0,7 0
498 0,7 0
499 0,7 0
500 0,7 0
501 0,7 0
502 0,7 0
503 0,7 0
504 0,7 0
505 0,7 0
506 0,7 0
507 0,7 0
508 0,7 0
509 0,7 0
510 0,7 0
511 0,7 0
512 0,7 0
513 0,7 0
514 0,7 0
515 0,7 0
516 0,7 0
517 0,7 0
518 0,7 0
519 0,7 0
520 0,7 0
521 0,7 0
522 0,7 0
523 0,7 0
524 0,7 0
525 0,7 0
526 0,7 0
527 0,7 0
528 0,7 0
529 0,7 0
530 0,7 0
531 0,7 0
532 0,7 0
533 0,7 0
534 0,7 0
535 0,7 0
536 0,7 0
537 0,7 0
538 0,7 0
539 0,7 0
540 0,7 0
541 0,7 0
542 0,7 0
543 0,7 0
544 0,7 0
545 0,7 0
546 0,7 0
547 0,7 0
548 0,7 0
549 0,7 0
550 0,7 0
551 0,7 0
552 0,7 0
553 0,7 0
554 0,7 0
555 0,7 0
556 0,7 0
557 0,7 0
558 0,7 0
559 0,7 0
560 0,7 0
561 0,7 0
562 0,7 0
563 0,7 0
564 0,7 0
565 0,7 0
566 0,7 0
567 0,7 0
568 0,7 0
569 0,7 0
570 0,7 0
571 0,7 0
572 0,7 0
573 0,7 0
574 0,7 0
575 0,7 0
576 0,7 0
577 0,7 0
578 0,7 0
579 0,7 0
580 0,7 0
581 0,7 0
582 0,7 0
583 0,7 0
584 0,7 0
585 0,7 0
586 0,7 0
587 0,7 0
588 0,7 0
589 0,7 0
590 0,7 0
591 0,7 0
592 0,7 0
593 0,7 0
594 0,7 0
595 0,7 0
596 0,7 0
597 0,7 0
598 0,7 0
599 0,7 0
0 0,8 790
1 0,8 11
2 0,8 10
3 0,8 11
4 0,8 10
5 0,8 9
6 0,8 10
7 0,8 9
8 0,8 7
9 0,8 6
10 0,8 4
11 0,8 4
12 0,8 4
13 0,8 4
14 0,8 4
15 0,8 4
16 0,8 4
17 0,8 4
18 0,8 4
19 0,8 4
20 0,8 4
21 0,8 4
22 0,8 4
23 0,8 4
24 0,8 4
25 0,8 4
26 0,8 4
27 0,8 4
28 0,8 4
29 0,8 4
30 0,8 4
31 0,8 4
32 0,8 4
33 0,8 4
34 0,8 4
35 0,8 4
36 0,8 4
37 0,8 4
38 0,8 4
39 0,8 4
40 0,8 4
41 0,8 4
42 0,8 4
43 0,8 4
44 0,8 4
45 0,8 4
46 0,8 4
47 0,8 4
48 0,8 4
49 0,8 4
50 0,8 4
51 0,8 4
52 0,8 4
53 0,8 4
54 0,8 4
55 0,8 4
56 0,8 4
57 0,8 4
58 0,8 4
59 0,8 4
60 0,8 4
61 0,8 4
62 0,8 4
63 0,8 4
64 0,8 4
65 0,8 4
66 0,8 4
67 0,8 4
68 0,8 4
69 0,8 4
70 0,8 4
71 0,8 4
72 0,8 4
73 0,8 4
74 0,8 4
75 0,8 4
76 0,8 4
77 0,8 4
78 0,8 4
79 0,8 4
80 0,8 4
81 0,8 4
82 0,8 4
83 0,8 4
84 0,8 4
85 0,8 4
86 0,8 4
87 0,8 4
88 0,8 4
89 0,8 4
90 0,8 4
91 0,8 4
92 0,8 4
93 0,8 4
94 0,8 4
95 0,8 4
96 0,8 4
97 0,8 4
98 0,8 4
99 0,8 4
100 0,8 4
101 0,8 4
102 0,8 4
103 0,8 4
104 0,8 4
105 0,8 4
106 0,8 4
107 0,8 4
108 0,8 4
109 0,8 4
110 0,8 4
111 0,8 4
112 0,8 4
113 0,8 4
114 0,8 4
115 0,8 4
116 0,8 4
117 0,8 4
118 0,8 4
119 0,8 4
120 0,8 4
121 0,8 4
122 0,8 4
123 0,8 4
124 0,8 4
125 0,8 4
126 0,8 4
127 0,8 4
128 0,8 4
129 0,8 4
130 0,8 4
131 0,8 4
132 0,8 4
133 0,8 4
134 0,8 4
135 0,8 4
136 0,8 4
137 0,8 4
138 0,8 4
139 0,8 4
140 0,8 4
141 0,8 4
142 0,8 4
143 0,8 4
144 0,8 4
145 0,8 4
146 0,8 4
147 0,8 4
148 0,8 4
149 0,8 4
150 0,8 4
151 0,8 4
152 0,8 4
153 0,8 4
154 0,8 4
155 0,8 4
156 0,8 4
157 0,8 4
158 0,8 4
159 0,8 4
160 0,8 4
161 0,8 4
162 0,8 4
163 0,8 4
164 0,8 4
165 0,8 4
166 0,8 4
167 0,8 4
168 0,8 4
169 0,8 4
170 0,8 4
171 0,8 4
172 0,8 4
173 0,8 4
174 0,8 4
175 0,8 4
176 0,8 4
177 0,8 4
178 0,8 4
179 0,8 4
180 0,8 4
181 0,8 4
182 0,8 4
183 0,8 4
184 0,8 4
185 0,8 4
186 0,8 4
187 0,8 4
188 0,8 4
189 0,8 4
190 0,8 4
191 0,8 4
192 0,8 4
193 0,8 4
194 0,8 4
195 0,8 4
196 0,8 4
197 0,8 4
198 0,8 4
199 0,8 4
200 0,8 4
201 0,8 4
202 0,8 4
203 0,8 4
204 0,8 4
205 0,8 4
206 0,8 4
207 0,8 4
208 0,8 4
209 0,8 4
210 0,8 4
211 0,8 4
212 0,8 4
213 0,8 4
214 0,8 4
215 0,8 4
216 0,8 4
217 0,8 4
218 0,8 4
219 0,8 4
220 0,8 4
221 0,8 4
222 0,8 4
223 0,8 4
224 0,8 4
225 0,8 4
226 0,8 4
227 0,8 4
228 0,8 4
229 0,8 4
230 0,8 4
231 0,8 4
232 0,8 4
233 0,8 4
234 0,8 4
235 0,8 4
236 0,8 4
237 0,8 4
238 0,8 4
239 0,8 4
240 0,8 4
241 0,8 4
242 0,8 4
243 0,8 4
244 0,8 4
245 0,8 4
246 0,8 4
247 0,8 4
248 0,8 4
249 0,8 4
250 0,8 4
251 0,8 4
252 0,8 4
253 0,8 4
254 0,8 4
255 0,8 4
256 0,8 4
257 0,8 4
258 0,8 4
259 0,8 4
260 0,8 4
261 0,8 4
262 0,8 4
263 0,8 4
264 0,8 4
265 0,8 4
266 0,8 4
267 0,8 4
268 0,8 4
269 0,8 4
270 0,8 4
271 0,8 4
272 0,8 4
273 0,8 4
274 0,8 4
275 0,8 4
276 0,8 4
277 0,8 4
278 0,8 4
279 0,8 4
280 0,8 4
281 0,8 4
282 0,8 4
283 0,8 4
284 0,8 4
285 0,8 4
286 0,8 4
287 0,8 4
288 0,8 4
289 0,8 4
290 0,8 4
291 0,8 4
292 0,8 4
293 0,8 4
294 0,8 4
295 0,8 4
296 0,8 4
297 0,8 4
298 0,8 4
299 0,8 4
300 0,8 4
301 0,8 4
302 0,8 4
303 0,8 4
304 0,8 4
305 0,8 4
306 0,8 4
307 0,8 4
308 0,8 4
309 0,8 4
310 0,8 4
311 0,8 4
312 0,8 4
313 0,8 4
314 0,8 4
315 0,8 4
316 0,8 4
317 0,8 4
318 0,8 4
319 0,8 4
320 0,8 4
321 0,8 4
322 0,8 4
323 0,8 4
324 0,8 4
325 0,8 4
326 0,8 4
327 0,8 4
328 0,8 4
329 0,8 4
330 0,8 4
331 0,8 4
332 0,8 4
333 0,8 4
334 0,8 4
335 0,8 4
336 0,8 4
337 0,8 4
338 0,8 4
339 0,8 4
340 0,8 4
341 0,8 4
342 0,8 4
343 0,8 4
344 0,8 4
345 0,8 4
346 0,8 4
347 0,8 4
348 0,8 4
349 0,8 4
350 0,8 4
351 0,8 4
352 0,8 4
353 0,8 4
354 0,8 4
355 0,8 4
356 0,8 4
357 0,8 4
358 0,8 4
359 0,8 4
360 0,8 4
361 0,8 4
362 0,8 4
363 0,8 4
364 0,8 4
365 0,8 4
366 0,8 4
367 0,8 4
368 0,8 4
369 0,8 4
370 0,8 4
371 0,8 4
372 0,8 4
373 0,8 4
374 0,8 4
375 0,8 4
376 0,8 4
377 0,8 4
378 0,8 4
379 0,8 4
380 0,8 4
381 0,8 4
382 0,8 4
383 0,8 4
384 0,8 4
385 0,8 4
386 0,8 4
387 0,8 4
388 0,8 4
389 0,8 4
390 0,8 4
391 0,8 4
392 0,8 4
393 0,8 4
394 0,8 4
395 0,8 4
396 0,8 4
397 0,8 4
398 0,8 4
399 0,8 4
400 0,8 4
401 0,8 4
402 0,8 4
403 0,8 4
404 0,8 4
405 0,8 4
406 0,8 4
407 0,8 4
408 0,8 4
409 0,8 4
410 0,8 4
411 0,8 4
412 0,8 4
413 0,8 4
414 0,8 4
415 0,8 4
416 0,8 4
417 0,8 4
418 0,8 4
419 0,8 4
420 0,8 4
421 0,8 4
422 0,8 4
423 0,8 4
424 0,8 4
425 0,8 4
426 0,8 4
427 0,8 4
428 0,8 4
429 0,8 4
430 0,8 4
431 0,8 4
432 0,8 4
433 0,8 4
434 0,8 4
435 0,8 4
436 0,8 4
437 0,8 4
438 0,8 4
439 0,8 4
440 0,8 4
441 0,8 4
442 0,8 4
443 0,8 4
444 0,8 4
445 0,8 4
446 0,8 4
447 0,8 4
448 0,8 4
449 0,8 4
450 0,8 4
451 0,8 4
452 0,8 4
453 0,8 4
454 0,8 4
455 0,8 4
456 0,8 4
457 0,8 4
458 0,8 4
459 0,8 4
460 0,8 4
461 0,8 4
462 0,8 4
463 0,8 4
464 0,8 4
465 0,8 4
466 0,8 4
467 0,8 4
468 0,8 4
469 0,8 4
470 0,8 4
471 0,8 4
472 0,8 4
473 0,8 4
474 0,8 4
475 0,8 4
476 0,8 4
477 0,8 4
478 0,8 4
479 0,8 4
480 0,8 4
481 0,8 4
482 0,8 4
483 0,8 4
484 0,8 4
485 0,8 4
486 0,8 4
487 0,8 4
488 0,8 4
489 0,8 4
490 0,8 4
491 0,8 4
492 0,8 4
493 0,8 4
494 0,8 4
495 0,8 4
496 0,8 4
497 0,8 4
498 0,8 4
499 0,8 4
500 0,8 4
501 0,8 4
502 0,8 4
503 0,8 4
504 0,8 4
505 0,8 4
506 0,8 4
507 0,8 4
508 0,8 4
509 0,8 4
510 0,8 4
511 0,8 4
512 0,8 4
513 0,8 4
514 0,8 4
515 0,8 4
516 0,8 4
517 0,8 4
518 0,8 4
519 0,8 4
520 0,8 4
521 0,8 4
522 0,8 4
523 0,8 4
524 0,8 4
525 0,8 4
526 0,8 4
527 0,8 4
528 0,8 4
529 0,8 4
530 0,8 4
531 0,8 4
532 0,8 4
533 0,8 4
534 0,8 4
535 0,8 4
536 0,8 4
537 0,8 4
538 0,8 4
539 0,8 4
540 0,8 4
541 0,8 4
542 0,8 4
543 0,8 4
544 0,8 4
545 0,8 4
546 0,8 4
547 0,8 4
548 0,8 4
549 0,8 4
550 0,8 4
551 0,8 4
552 0,8 4
553 0,8 4
554 0,8 4
555 0,8 4
556 0,8 4
557 0,8 4
558 0,8 4
559 0,8 4
560 0,8 4
561 0,8 4
562 0,8 4
563 0,8 4
564 0,8 4
565 0,8 4
566 0,8 4
567 0,8 4
568 0,8 4
569 0,8 4
570 0,8 4
571 0,8 4
572 0,8 4
573 0,8 4
574 0,8 4
575 0,8 4
576 0,8 4
577 0,8 4
578 0,8 4
579 0,8 4
580 0,8 4
581 0,8 4
582 0,8 4
583 0,8 4
584 0,8 4
585 0,8 4
586 0,8 4
587 0,8 4
588 0,8 4
589 0,8 4
590 0,8 4
591 0,8 4
592 0,8 4
593 0,8 4
594 0,8 4
595 0,8 4
596 0,8 4
597 0,8 4
598 0,8 4
599 0,8 4
0 0,9 895
1 0,9 0
2 0,9 0
3 0,9 0
4 0,9 0
5 0,9 0
6 0,9 0
7 0,9 0
8 0,9 0
9 0,9 0
10 0,9 0
11 0,9 0
12 0,9 0
13 0,9 0
14 0,9 0
15 0,9 0
16 0,9 0
17 0,9 0
18 0,9 0
19 0,9 0
20 0,9 0
21 0,9 0
22 0,9 0
23 0,9 0
24 0,9 0
25 0,9 0
26 0,9 0
27 0,9 0
28 0,9 0
29 0,9 0
30 0,9 0
31 0,9 0
32 0,9 0
33 0,9 0
34 0,9 0
35 0,9 0
36 0,9 0
37 0,9 0
38 0,9 0
39 0,9 0
40 0,9 0
41 0,9 0
42 0,9 0
43 0,9 0
44 0,9 0
45 0,9 0
46 0,9 0
47 0,9 0
48 0,9 0
49 0,9 0
50 0,9 0
51 0,9 0
52 0,9 0
53 0,9 0
54 0,9 0
55 0,9 0
56 0,9 0
57 0,9 0
58 0,9 0
59 0,9 0
60 0,9 0
61 0,9 0
62 0,9 0
63 0,9 0
64 0,9 0
65 0,9 0
66 0,9 0
67 0,9 0
68 0,9 0
69 0,9 0
70 0,9 0
71 0,9 0
72 0,9 0
73 0,9 0
74 0,9 0
75 0,9 0
76 0,9 0
77 0,9 0
78 0,9 0
79 0,9 0
80 0,9 0
81 0,9 0
82 0,9 0
83 0,9 0
84 0,9 0
85 0,9 0
86 0,9 0
87 0,9 0
88 0,9 0
89 0,9 0
90 0,9 0
91 0,9 0
92 0,9 0
93 0,9 0
94 0,9 0
95 0,9 0
96 0,9 0
97 0,9 0
98 0,9 0
99 0,9 0
100 0,9 0
101 0,9 0
102 0,9 0
103 0,9 0
104 0,9 0
105 0,9 0
106 0,9 0
107 0,9 0
108 0,9 0
109 0,9 0
110 0,9 0
111 0,9 0
112 0,9 0
113 0,9 0
114 0,9 0
115 0,9 0
116 0,9 0
117 0,9 0
118 0,9 0
119 0,9 0
120 0,9 0
121 0,9 0
122 0,9 0
123 0,9 0
124 0,9 0
125 0,9 0
126 0,9 0
127 0,9 0
128 0,9 0
129 0,9 0
130 0,9 0
131 0,9 0
132 0,9 0
133 0,9 0
134 0,9 0
135 0,9 0
136 0,9 0
137 0,9 0
138 0,9 0
139 0,9 0
140 0,9 0
141 0,9 0
142 0,9 0
143 0,9 0
144 0,9 0
145 0,9 0
146 0,9 0
147 0,9 0
148 0,9 0
149 0,9 0
150 0,9 0
151 0,9 0
152 0,9 0
153 0,9 0
154 0,9 0
155 0,9 0
156 0,9 0
157 0,9 0
158 0,9 0
159 0,9 0
160 0,9 0
161 0,9 0
162 0,9 0
163 0,9 0
164 0,9 0
165 0,9 0
166 0,9 0
167 0,9 0
168 0,9 0
169 0,9 0
170 0,9 0
171 0,9 0
172 0,9 0
173 0,9 0
174 0,9 0
175 0,9 0
176 0,9 0
177 0,9 0
178 0,9 0
179 0,9 0
180 0,9 0
181 0,9 0
182 0,9 0
183 0,9 0
184 0,9 0
185 0,9 0
186 0,9 0
187 0,9 0
188 0,9 0
189 0,9 0
190 0,9 0
191 0,9 0
192 0,9 0
193 0,9 0
194 0,9 0
195 0,9 0
196 0,9 0
197 0,9 0
198 0,9 0
199 0,9 0
200 0,9 0
201 0,9 0
202 0,9 0
203 0,9 0
204 0,9 0
205 0,9 0
206 0,9 0
207 0,9 0
208 0,9 0
209 0,9 0
210 0,9 0
211 0,9 0
212 0,9 0
213 0,9 0
214 0,9 0
215 0,9 0
216 0,9 0
217 0,9 0
218 0,9 0
219 0,9 0
220 0,9 0
221 0,9 0
222 0,9 0
223 0,9 0
224 0,9 0
225 0,9 0
226 0,9 0
227 0,9 0
228 0,9 0
229 0,9 0
230 0,9 0
231 0,9 0
232 0,9 0
233 0,9 0
234 0,9 0
235 0,9 0
236 0,9 0
237 0,9 0
238 0,9 0
239 0,9 0
240 0,9 0
241 0,9 0
242 0,9 0
243 0,9 0
244 0,9 0
245 0,9 0
246 0,9 0
247 0,9 0
248 0,9 0
249 0,9 0
250 0,9 0
251 0,9 0
252 0,9 0
253 0,9 0
254 0,9 0
255 0,9 0
256 0,9 0
257 0,9 0
258 0,9 0
259 0,9 0
260 0,9 0
261 0,9 0
262 0,9 0
263 0,9 0
264 0,9 0
265 0,9 0
266 0,9 0
267 0,9 0
268 0,9 0
269 0,9 0
270 0,9 0
271 0,9 0
272 0,9 0
273 0,9 0
274 0,9 0
275 0,9 0
276 0,9 0
277 0,9 0
278 0,9 0
279 0,9 0
280 0,9 0
281 0,9 0
282 0,9 0
283 0,9 0
284 0,9 0
285 0,9 0
286 0,9 0
287 0,9 0
288 0,9 0
289 0,9 0
290 0,9 0
291 0,9 0
292 0,9 0
293 0,9 0
294 0,9 0
295 0,9 0
296 0,9 0
297 0,9 0
298 0,9 0
299 0,9 0
300 0,9 0
301 0,9 0
302 0,9 0
303 0,9 0
304 0,9 0
305 0,9 0
306 0,9 0
307 0,9 0
308 0,9 0
309 0,9 0
310 0,9 0
311 0,9 0
312 0,9 0
313 0,9 0
314 0,9 0
315 0,9 0
316 0,9 0
317 0,9 0
318 0,9 0
319 0,9 0
320 0,9 0
321 0,9 0
322 0,9 0
323 0,9 0
324 0,9 0
325 0,9 0
326 0,9 0
327 0,9 0
328 0,9 0
329 0,9 0
330 0,9 0
331 0,9 0
332 0,9 0
333 0,9 0
334 0,9 0
335 0,9 0
336 0,9 0
337 0,9 0
338 0,9 0
339 0,9 0
340 0,9 0
341 0,9 0
342 0,9 0
343 0,9 0
344 0,9 0
345 0,9 0
346 0,9 0
347 0,9 0
348 0,9 0
349 0,9 0
350 0,9 0
351 0,9 0
352 0,9 0
353 0,9 0
354 0,9 0
355 0,9 0
356 0,9 0
357 0,9 0
358 0,9 0
359 0,9 0
360 0,9 0
361 0,9 0
362 0,9 0
363 0,9 0
364 0,9 0
365 0,9 0
366 0,9 0
367 0,9 0
368 0,9 0
369 0,9 0
370 0,9 0
371 0,9 0
372 0,9 0
373 0,9 0
374 0,9 0
375 0,9 0
376 0,9 0
377 0,9 0
378 0,9 0
379 0,9 0
380 0,9 0
381 0,9 0
382 0,9 0
383 0,9 0
384 0,9 0
385 0,9 0
386 0,9 0
387 0,9 0
388 0,9 0
389 0,9 0
390 0,9 0
391 0,9 0
392 0,9 0
393 0,9 0
394 0,9 0
395 0,9 0
396 0,9 0
397 0,9 0
398 0,9 0
399 0,9 0
400 0,9 0
401 0,9 0
402 0,9 0
403 0,9 0
404 0,9 0
405 0,9 0
406 0,9 0
407 0,9 0
408 0,9 0
409 0,9 0
410 0,9 0
411 0,9 0
412 0,9 0
413 0,9 0
414 0,9 0
415 0,9 0
416 0,9 0
417 0,9 0
418 0,9 0
419 0,9 0
420 0,9 0
421 0,9 0
422 0,9 0
423 0,9 0
424 0,9 0
425 0,9 0
426 0,9 0
427 0,9 0
428 0,9 0
429 0,9 0
430 0,9 0
431 0,9 0
432 0,9 0
433 0,9 0
434 0,9 0
435 0,9 0
436 0,9 0
437 0,9 0
438 0,9 0
439 0,9 0
440 0,9 0
441 0,9 0
442 0,9 0
443 0,9 0
444 0,9 0
445 0,9 0
446 0,9 0
447 0,9 0
448 0,9 0
449 0,9 0
450 0,9 0
451 0,9 0
452 0,9 0
453 0,9 0
454 0,9 0
455 0,9 0
456 0,9 0
457 0,9 0
458 0,9 0
459 0,9 0
460 0,9 0
461 0,9 0
462 0,9 0
463 0,9 0
464 0,9 0
465 0,9 0
466 0,9 0
467 0,9 0
468 0,9 0
469 0,9 0
470 0,9 0
471 0,9 0
472 0,9 0
473 0,9 0
474 0,9 0
475 0,9 0
476 0,9 0
477 0,9 0
478 0,9 0
479 0,9 0
480 0,9 0
481 0,9 0
482 0,9 0
483 0,9 0
484 0,9 0
485 0,9 0
486 0,9 0
487 0,9 0
488 0,9 0
489 0,9 0
490 0,9 0
491 0,9 0
492 0,9 0
493 0,9 0
494 0,9 0
495 0,9 0
496 0,9 0
497 0,9 0
498 0,9 0
499 0,9 0
500 0,9 0
501 0,9 0
502 0,9 0
503 0,9 0
504 0,9 0
505 0,9 0
506 0,9 0
507 0,9 0
508 0,9 0
509 0,9 0
510 0,9 0
511 0,9 0
512 0,9 0
513 0,9 0
514 0,9 0
515 0,9 0
516 0,9 0
517 0,9 0
518 0,9 0
519 0,9 0
520 0,9 0
521 0,9 0
522 0,9 0
523 0,9 0
524 0,9 0
525 0,9 0
526 0,9 0
527 0,9 0
528 0,9 0
529 0,9 0
530 0,9 0
531 0,9 0
532 0,9 0
533 0,9 0
534 0,9 0
535 0,9 0
536 0,9 0
537 0,9 0
538 0,9 0
539 0,9 0
540 0,9 0
541 0,9 0
542 0,9 0
543 0,9 0
544 0,9 0
545 0,9 0
546 0,9 0
547 0,9 0
548 0,9 0
549 0,9 0
550 0,9 0
551 0,9 0
552 0,9 0
553 0,9 0
554 0,9 0
555 0,9 0
556 0,9 0
557 0,9 0
558 0,9 0
559 0,9 0
560 0,9 0
561 0,9 0
562 0,9 0
563 0,9 0
564 0,9 0
565 0,9 0
566 0,9 0
567 0,9 0
568 0,9 0
569 0,9 0
570 0,9 0
571 0,9 0
572 0,9 0
573 0,9 0
574 0,9 0
575 0,9 0
576 0,9 0
577 0,9 0
578 0,9 0
579 0,9 0
580 0,9 0
581 0,9 0
582 0,9 0
583 0,9 0
584 0,9 0
585 0,9 0
586 0,9 0
587 0,9 0
588 0,9 0
589 0,9 0
590 0,9 0
591 0,9 0
592 0,9 0
593 0,9 0
594 0,9 0
595 0,9 0
596 0,9 0
597 0,9 0
598 0,9 0
599 0,9 0
